4
332
672
1020
4
380
316
36
58
0
0
64
128
4
66
544
32
1024
252
32
4
12
512
68
42
8
0
210
32
8
112
384
0
228
4
608
64
876
108
498
84
6
270
16
128
4
148
168
256
408
32
36
312
0
308
32
8
510
128
496
170
376
730
124
2
4
252
4
618
12
108
48
692
638
186
8
54
432
1006
2
2
90
236
832
990
2
22
478
488
8
128
0
112
254
472
1024
964
320
76
8
512
16
128
0
4
50
24
112
120
64
372
724
20
568
16
26
4
292
28
256
24
512
280
6
716
32
30
4
0
6
64
926
648
110
330
212
748
256
78
10
352
376
968
4
1020
454
830
2
54
108
56
222
348
2
256
4
0
856
108
56
48
874
136
400
2
154
880
226
896
28
2
112
176
248
250
252
14
222
604
120
512
356
412
430
56
512
0
352
100
64
960
124
870
242
174
694
252
304
4
10
16
172
4
416
32
380
8
2
112
1008
20
28
256
672
716
6
422
416
28
32
182
506
508
244
0
4
448
718
100
840
0
12
64
4
88
120
220
442
406
774
176
342
0
8
4
1024
2
102
512
32
508
64
802
1016
292
502
2
2
38
640
512
736
104
4
12
352
110
2
704
540
48
0
30
8
1002
278
4
252
226
116
64
448
20
10
38
220
356
98
862
92
16
982
410
362
54
102
56
120
4
144
8
508
894
242
26
60
512
884
2
156
328
8
476
1024
56
384
64
50
32
0
30
2
168
256
222
192
36
60
240
312
80
4
38
140
32
8
804
436
30
16
424
8
16
32
968
1024
952
2
28
404
64
0
1024
176
8
480
976
12
8
0
92
924
1004
418
8
4
4
28
40
254
32
4
56
478
128
0
6
30
6
0
900
48
24
122
890
48
304
26
12
2
46
48
116
256
196
94
126
878
98
384
22
2
232
360
858
30
550
156
2
0
16
140
32
870
352
16
4
16
2
176
180
10
0
62
4
24
790
672
374
380
4
244
96
758
14
2
2
16
48
62
18
4
168
52
764
248
26
16
96
48
280
440
30
740
212
12
62
604
32
500
86
208
4
376
32
6
950
224
16
512
88
2
12
14
24
952
56
192
188
2
510
372
768
8
554
448
438
1006
24
736
128
220
256
384
20
536
16
28
40
32
2
360
122
16
6
68
1024
368
224
1024
992
618
512
736
588
92
10
182
232
892
448
4
86
4
124
100
16
32
780
240
32
56
380
14
380
0
32
8
756
288
16
0
64
88
64
604
504
218
64
600
300
184
26
32
216
206
14
92
52
128
14
572
92
504
406
22
4
62
44
60
238
2
20
104
4
32
1024
10
16
32
0
4
32
426
494
14
292
256
46
192
84
2
464
20
264
348
2
512
224
52
320
46
4
150
56
208
296
216
506
892
62
548
20
64
74
4
2
8
420
14
32
124
1008
76
22
2
434
56
0
14
958
8
28
0
488
960
56
340
24
16
32
848
32
12
24
252
868
64
64
2
32
6
222
64
168
48
0
0
8
256
256
140
2
236
54
0
256
64
4
90
110
80
10
206
60
448
56
246
242
38
60
496
312
0
550
506
1024
16
150
932
184
2
506
10
32
84
308
96
8
2
56
128
314
186
28
924
86
908
914
378
228
120
248
4
192
0
950
8
76
26
60
896
238
0
128
610
314
2
448
60
112
182
82
76
2
8
212
8
28
4
228
374
16
0
442
342
16
382
16
94
4
32
960
34
4
88
470
488
0
62
0
956
124
1014
112
144
1024
360
574
62
8
16
896
16
984
16
42
2
922
406
276
208
260
1024
32
1024
146
18
444
120
274
2
124
428
152
406
176
34
56
630
4
336
8
26
1020
118
984
62
124
2
180
96
300
192
158
340
198
0
0
4
426
948
4
8
44
0
2
384
240
24
8
32
448
472
242
876
12
32
512
328
486
6
50
958
2
1024
92
30
88
510
406
10
754
64
12
336
0
1022
360
882
114
4
2
118
188
248
56
0
1024
346
6
28
974
208
698
476
76
948
88
1024
502
200
0
36
448
56
16
4
10
116
112
28
8
232
64
384
636
216
32
42
18
160
764
0
496
74
36
20
2
240
246
40
596
514
160
150
60
248
124
686
256
502
472
324
16
628
256
1024
482
248
808
972
32
28
24
496
490
174
0
488
6
30
2
190
144
56
60
582
60
154
16
0
166
984
64
92
502
0
216
2
86
848
232
256
856
420
366
940
626
208
4
10
2
1020
90
54
220
44
10
256
192
942
10
0
8
20
16
28
104
468
28
440
4
374
82
12
104
112
48
104
56
128
504
52
8
448
76
176
48
16
240
192
8
256
60
0
224
688
114
48
16
56
252
180
64
216
512
14
56
206
112
240
368
228
132
696
538
28
4
152
244
206
408
420
22
52
850
416
2
26
126
414
10
120
70
256
512
672
616
222
242
0
344
8
96
254
440
148
4
54
8
264
4
14
602
2
44
172
128
4
488
4
384
32
178
4
366
42
64
74
812
376
468
40
32
352
4
224
232
16
8
252
126
8
656
196
16
2
644
736
32
112
22
192
256
308
448
94
22
230
64
864
1012
760
44
216
32
496
106
14
174
0
36
486
300
2
10
0
0
506
946
2
2
498
24
0
44
758
744
732
102
462
256
2
22
76
146
380
14
982
220
8
218
64
608
2
188
1020
246
496
26
238
316
190
8
692
192
256
184
8
254
108
104
378
100
128
96
180
504
30
10
372
424
0
174
1024
136
128
1020
248
64
112
30
8
74
124
158
620
2
896
498
366
158
12
240
152
20
128
558
396
120
320
992
120
222
380
478
12
160
32
32
100
12
0
64
28
254
1022
242
92
24
768
48
1012
12
92
6
360
984
762
256
42
6
0
484
240
224
40
1018
10
58
368
38
88
24
22
72
504
72
4
350
4
54
62
162
14
296
14
192
496
160
16
80
510
360
1012
816
252
196
32
256
244
100
38
30
464
188
20
52
2
30
512
36
876
22
86
2
838
384
120
256
666
2
286
378
1016
0
234
810
198
208
512
196
96
394
1020
414
204
32
2
418
880
974
1020
820
512
360
28
128
2
634
422
128
50
86
34
414
14
1022
232
14
1016
32
44
46
24
190
244
300
52
52
38
512
256
250
48
24
492
28
60
18
976
250
14
74
1024
4
0
64
554
92
46
256
16
360
616
876
16
724
26
32
172
1008
736
16
2
32
824
12
12
928
512
0
82
416
316
748
92
22
122
680
220
4
12
370
128
122
8
60
364
992
8
102
508
186
316
512
26
128
200
464
0
12
542
0
414
2
16
14
760
988
868
22
416
2
888
8
272
316
72
6
512
112
22
120
24
522
244
2
128
92
470
110
178
48
12
2
506
2
58
512
2
506
158
896
206
126
566
36
310
20
128
16
174
102
30
26
338
124
256
506
236
496
40
146
902
64
56
598
90
6
128
448
500
108
2
0
492
450
366
2
416
56
512
0
170
0
16
568
12
26
92
20
8
60
192
510
222
44
16
62
124
512
6
6
492
0
28
512
96
254
2
62
492
4
174
178
2
352
8
246
116
58
102
158
88
428
12
128
238
52
486
56
2
2
380
24
128
40
376
256
10
24
46
4
512
0
6
8
98
190
2
96
430
716
72
184
280
222
378
332
44
482
264
2
12
436
446
0
28
0
336
86
2
252
8
484
920
760
128
334
384
56
336
160
4
456
208
16
364
0
504
1022
512
170
156
246
204
176
224
4
60
30
864
698
116
32
0
104
32
2
44
404
378
934
166
94
512
144
396
64
32
20
64
96
480
126
60
764
704
424
6
144
384
16
292
280
936
12
544
378
48
110
112
44
40
340
360
0
472
32
380
496
32
106
16
528
158
236
120
2
120
796
244
2
60
176
284
8
204
720
894
348
436
54
128
1008
254
256
980
26
402
14
8
64
184
24
20
36
882
112
40
504
64
166
446
1000
40
32
0
128
4
164
104
92
840
2
318
880
4
146
30
80
364
64
26
28
208
868
248
988
388
40
992
478
340
1024
318
812
80
14
188
738
4
54
952
28
8
306
30
96
104
16
96
6
986
4
42
124
304
1012
254
20
696
8
192
480
256
182
468
58
512
1024
74
0
902
512
0
200
76
512
22
4
430
512
4
232
44
370
24
16
26
108
38
0
400
4
954
92
32
882
8
472
284
442
32
4
124
256
64
10
0
752
102
1024
32
224
16
836
24
374
48
308
688
642
1024
24
0
974
456
182
372
0
4
212
332
250
224
504
760
120
90
182
16
88
134
12
8
400
14
106
812
122
30
60
6
22
446
2
8
64
8
14
32
0
28
204
14
2
166
6
860
4
2
52
166
732
358
24
176
448
256
4
356
816
452
220
4
636
4
482
56
84
960
256
1016
864
220
64
2
216
224
96
480
350
4
88
896
0
46
264
6
16
320
0
704
34
152
16
958
358
0
314
54
4
876
430
0
6
36
724
2
72
132
4
506
8
14
28
56
384
124
64
128
36
232
746
1008
350
48
50
236
26
252
480
2
48
32
18
60
28
254
156
78
16
992
1024
484
24
134
40
96
6
8
188
20
82
116
488
8
2
224
4
908
0
678
818
312
352
250
512
960
22
384
60
500
512
326
128
0
94
56
80
446
16
88
952
0
382
58
248
812
466
22
1024
374
8
312
1024
444
174
0
36
8
984
4
550
234
0
172
8
8
24
16
214
440
318
16
256
254
38
98
96
488
246
2
156
346
864
16
80
40
480
64
672
1000
724
112
62
28
998
888
48
100
0
20
256
474
944
126
102
410
488
450
8
108
16
16
8
46
12
442
998
16
14
78
480
414
208
54
36
894
204
0
160
48
4
376
366
508
0
286
44
72
56
60
4
444
232
96
10
18
0
2
570
108
378
8
2
264
124
4
112
512
188
2
0
64
2
416
32
316
728
956
188
0
56
212
184
58
64
24
436
6
216
806
54
456
46
992
512
488
0
56
1020
4
16
830
664
88
344
20
148
16
0
172
32
374
160
256
12
186
8
128
90
448
38
8
4
494
488
24
96
2
508
4
12
26
166
32
468
16
352
116
768
440
4
646
990
410
512
174
400
240
14
122
320
0
416
404
520
8
1024
474
28
2
302
190
694
208
292
32
910
100
808
40
730
932
496
28
250
880
240
2
256
18
560
32
232
352
36
448
232
364
1004
256
390
510
2
32
896
88
116
66
104
64
56
476
16
6
764
512
212
376
4
8
0
782
256
208
424
444
442
960
0
22
660
112
366
16
192
0
16
240
182
2
8
4
766
6
222
828
4
156
320
16
28
224
238
0
20
576
36
100
18
506
6
36
218
96
1000
6
108
126
88
8
918
16
364
1016
46
40
416
504
860
510
396
180
0
12
392
728
366
130
16
768
0
34
512
40
54
756
14
28
40
512
14
4
46
224
16
894
840
508
128
62
8
8
40
38
8
254
4
24
748
74
80
2
1018
548
446
16
30
2
98
348
244
112
62
426
118
4
48
8
468
248
256
356
4
1024
40
128
972
276
64
24
156
8
494
26
28
26
2
28
32
352
406
2
320
2
1024
12
116
64
252
4
2
0
32
76
24
462
1016
56
0
240
184
0
608
366
236
48
952
2
152
958
516
382
0
4
864
2
48
248
144
56
120
22
240
168
16
2
100
896
446
794
136
188
2
204
482
158
1024
234
56
0
62
118
682
50
254
42
486
588
1022
220
10
512
172
380
1022
0
360
128
586
236
512
334
16
786
768
4
256
14
56
22
160
16
12
704
724
30
124
152
178
256
248
6
284
16
144
62
56
58
96
232
112
50
8
296
100
192
116
64
14
624
2
220
60
108
24
0
248
8
692
1024
80
56
220
626
2
760
18
224
416
186
204
192
48
216
768
4
0
210
40
28
596
756
248
52
878
394
120
576
0
440
16
340
120
48
252
256
122
214
12
12
160
16
464
454
26
120
360
0
182
336
72
4
122
10
2
64
128
56
172
14
630
450
196
184
12
6
32
0
8
254
8
108
128
8
74
6
624
174
302
70
12
0
1008
360
62
98
6
190
90
748
256
256
8
22
2
32
984
990
8
168
512
252
558
88
110
812
512
2
704
86
860
32
6
340
300
158
72
860
6
8
104
158
224
0
94
256
376
480
508
424
128
746
456
248
64
412
16
16
404
256
64
2
2
122
156
60
686
8
424
332
48
2
4
0
6
2
128
100
138
512
440
496
0
974
214
12
8
8
14
32
16
124
8
80
62
312
54
700
220
22
958
96
508
360
32
256
372
468
732
116
860
128
2
692
510
48
182
32
46
256
128
48
382
16
564
188
488
348
8
904
110
592
224
18
222
378
72
102
128
84
64
462
192
856
116
184
712
664
16
240
2
8
256
172
372
256
8
270
64
22
8
748
36
856
572
830
100
12
380
256
64
108
160
92
254
28
26
2
876
64
96
380
338
58
126
8
492
0
194
2
36
92
32
880
6
8
110
24
4
44
88
30
10
128
338
28
14
248
380
42
228
346
4
1008
8
546
78
62
224
80
56
16
0
192
632
704
4
128
60
254
818
0
488
26
118
10
504
44
6
128
896
880
64
702
56
0
2
448
512
64
464
240
874
14
48
4
540
508
16
954
734
200
6
810
382
722
520
10
178
54
208
2
752
512
232
256
748
16
6
2
32
60
990
80
16
870
14
22
104
192
32
62
370
486
104
38
494
248
376
24
384
2
6
32
192
6
670
62
512
1024
230
256
476
32
128
976
62
178
356
418
512
4
444
36
30
496
288
0
504
246
924
254
568
832
444
238
64
96
48
384
240
382
4
22
8
42
2
486
148
52
88
62
368
8
572
2
0
424
350
2
416
976
280
120
44
108
1024
478
48
376
0
60
126
992
62
14
14
324
168
62
104
984
52
42
20
374
108
880
58
80
248
16
64
0
992
728
28
638
4
32
806
44
2
16
234
476
16
206
44
4
340
472
14
452
352
190
952
4
892
74
2
240
0
188
224
2
254
348
172
880
48
2
4
16
372
488
60
78
524
48
126
498
8
508
186
160
476
8
16
736
220
16
128
416
30
256
646
248
2
8
128
54
30
0
4
236
746
220
950
4
180
230
226
42
14
4
814
78
16
632
6
308
40
502
442
364
524
4
500
122
2
268
8
32
508
108
118
268
272
16
954
68
2
308
306
368
4
1024
20
786
384
12
480
64
192
480
366
64
748
460
360
240
240
128
2
200
128
888
312
36
254
52
44
0
264
2
2
736
230
42
112
126
140
464
510
4
988
184
64
0
328
276
506
188
20
50
226
30
382
64
156
8
510
64
206
306
0
48
128
98
110
936
64
24
228
46
240
724
508
252
1008
6
192
6
768
1024
4
4
852
30
992
1024
104
84
850
246
12
144
80
392
456
32
32
256
8
636
54
192
910
6
30
14
184
80
56
16
918
56
8
864
116
184
302
2
2
36
214
490
176
30
0
92
112
2
40
696
116
360
30
30
22
704
4
16
42
2
482
152
42
548
16
0
30
6
4
208
112
166
462
16
10
210
46
96
96
14
8
84
96
32
944
16
166
72
18
116
368
256
816
148
496
24
56
272
116
168
48
256
2
490
38
766
0
332
294
4
452
1024
680
0
4
232
236
52
256
744
0
4
448
36
0
156
160
16
4
4
40
794
610
372
438
10
512
4
720
56
34
128
16
30
160
2
2
240
210
964
16
14
256
326
2
94
96
110
200
368
30
468
992
32
158
616
30
10
124
504
216
224
416
4
26
156
158
116
2
1024
32
242
4
128
8
2
124
16
28
2
248
0
648
178
616
12
176
16
8
4
880
268
232
24
92
44
512
110
14
256
92
128
224
16
56
2
314
222
456
2
448
2
32
556
2
280
736
350
172
802
64
56
8
124
64
32
316
150
960
8
140
474
20
246
158
8
114
412
8
500
62
32
272
256
14
34
444
528
170
512
818
4
248
190
232
58
2
892
96
422
128
110
524
96
20
6
638
2
230
64
416
844
12
0
8
128
4
702
982
0
30
16
310
540
4
464
94
982
44
28
16
48
784
64
4
0
126
10
348
416
308
12
158
126
136
448
4
240
508
4
242
16
726
8
98
18
6
242
858
1000
0
94
172
32
328
2
368
64
46
46
392
336
16
38
960
2
52
366
52
28
76
992
8
92
6
198
74
78
440
32
8
32
364
32
4
240
64
224
0
358
0
96
496
418
182
432
188
8
826
496
508
0
2
376
2
28
254
512
176
478
448
32
448
392
2
206
556
256
4
984
2
344
470
56
8
764
470
166
386
208
28
68
896
166
16
232
4
432
120
64
30
764
44
188
0
16
2
72
48
202
278
88
920
446
64
952
592
20
30
128
168
960
988
356
102
32
244
0
282
472
16
468
0
20
390
588
174
632
0
190
600
256
0
20
1024
2
176
256
22
0
952
892
320
64
208
368
240
60
8
120
340
62
832
216
2
66
1012
472
376
0
150
40
510
56
88
310
0
158
40
1022
918
456
98
128
60
16
474
60
106
650
272
8
256
32
80
248
64
8
14
470
106
960
422
730
64
426
162
952
2
18
436
32
64
0
2
28
2
888
212
90
48
2
32
8
16
104
876
248
0
768
0
446
30
104
150
2
102
12
252
904
280
808
4
192
420
940
332
16
116
620
172
224
460
736
2
112
146
410
446
128
50
504
446
768
28
256
368
470
250
94
2
236
878
58
74
108
128
76
128
842
296
434
22
24
300
224
158
46
192
26
44
432
2
182
64
1024
14
46
244
4
768
1020
396
22
48
108
440
0
474
40
102
544
8
1024
494
256
6
202
886
108
4
112
8
436
732
502
744
12
2
6
106
704
92
2
384
512
2
848
456
0
20
512
702
414
0
128
32
156
2
128
4
14
56
124
46
64
32
36
6
8
768
574
166
984
352
126
926
0
8
28
448
48
476
14
6
2
344
218
1006
626
460
472
510
0
212
76
246
48
170
4
12
128
56
384
220
4
86
0
188
2
224
64
28
64
1012
184
494
78
80
18
622
244
128
36
478
1024
128
252
24
112
32
2
920
752
64
258
252
70
446
4
368
8
24
192
118
4
28
24
128
230
80
680
240
192
100
6
52
94
4
2
192
8
374
344
256
256
12
128
100
80
208
480
228
446
48
244
24
464
4
218
6
378
44
16
2
382
2
24
304
6
124
480
504
8
2
712
86
128
8
6
380
472
2
896
508
480
64
672
496
60
22
632
332
28
764
124
2
60
88
88
12
990
384
60
4
794
186
604
128
822
62
16
464
382
736
54
2
106
488
512
4
162
246
144
6
18
32
620
64
446
24
192
426
208
892
78
362
22
52
0
256
4
4
208
120
80
30
248
16
110
64
1008
128
58
20
16
364
568
256
792
14
862
260
6
178
32
64
40
0
336
294
108
418
0
304
768
0
20
126
8
938
160
42
116
128
64
652
2
0
220
430
0
16
64
248
496
14
454
240
28
712
750
4
14
2
32
0
46
30
442
174
342
64
168
210
112
2
56
16
6
372
2
340
54
394
716
16
448
384
32
376
504
506
16
182
878
496
498
700
852
8
332
476
42
1008
128
120
54
100
4
32
12
118
184
2
12
180
748
422
16
384
30
94
2
894
128
940
44
284
254
710
104
0
1016
22
4
224
124
188
92
458
32
4
206
16
2
318
504
74
302
994
6
62
604
254
56
208
50
6
536
568
142
8
216
240
512
8
98
48
448
486
240
0
8
16
0
248
500
48
512
28
0
16
4
56
14
16
302
218
0
446
896
0
390
2
612
720
340
24
896
74
16
200
126
44
14
280
1000
684
254
376
164
2
1024
60
1024
476
10
2
680
8
116
2
12
244
92
16
52
24
446
2
126
18
700
434
124
392
228
10
428
448
824
474
16
806
236
0
176
80
470
1022
6
256
0
20
320
0
480
0
0
62
56
338
336
82
512
8
10
4
156
28
184
512
186
896
324
16
240
1024
32
64
32
448
50
960
38
46
54
166
752
168
102
198
310
236
500
50
170
224
136
512
500
4
938
0
64
0
4
952
104
4
430
100
698
24
70
8
16
800
114
6
160
916
116
0
462
106
162
0
48
586
272
414
1020
84
960
112
58
208
16
2
506
62
20
74
0
10
128
252
82
432
20
36
232
48
96
38
214
26
12
224
8
164
2
418
8
788
62
478
200
376
496
118
14
198
22
460
426
16
964
4
476
26
72
960
8
4
520
232
138
136
64
4
222
48
6
12
132
28
0
28
8
388
0
0
472
492
976
2
1008
468
168
464
592
2
0
984
4
248
422
6
346
10
932
148
116
84
748
248
168
580
0
198
4
1024
128
152
582
16
28
440
28
14
112
60
256
20
150
108
176
1024
236
40
224
84
44
992
408
8
12
104
2
12
312
128
46
16
6
50
60
38
496
14
94
80
36
2
734
48
900
0
952
58
302
740
622
20
168
2
1020
58
24
980
420
984
190
352
30
256
212
942
12
40
84
4
1024
180
54
54
44
28
448
146
334
58
6
718
6
182
0
652
22
952
896
56
256
8
0
122
280
4
0
4
88
4
260
66
16
28
16
256
82
864
446
0
118
48
256
230
282
0
460
720
16
456
782
40
16
252
822
948
496
376
8
0
28
56
4
2
308
496
248
448
94
248
512
2
32
256
188
864
50
64
128
220
16
6
88
32
784
90
1024
0
256
512
44
36
256
508
226
1024
64
124
2
208
20
2
562
12
1024
370
348
0
368
128
492
200
732
74
770
610
10
852
1012
0
88
878
94
254
8
60
64
424
248
32
2
0
0
44
540
604
214
436
128
4
124
244
14
88
48
480
160
112
758
56
4
494
698
68
428
70
126
1024
60
624
116
384
498
28
608
636
480
16
8
16
16
88
368
8
2
224
196
858
1024
30
10
82
484
124
188
24
8
252
494
508
32
4
0
638
462
96
46
336
800
160
22
2
94
1024
248
392
2
6
12
122
2
32
522
4
104
128
282
0
222
160
100
32
42
56
496
128
496
404
14
1024
8
112
18
198
352
32
752
12
28
16
224
1008
14
4
1004
250
108
1022
28
252
146
460
488
470
124
32
14
512
354
768
196
0
28
764
20
292
296
478
8
300
990
30
220
2
440
294
378
198
4
240
128
4
878
444
464
640
6
4
0
12
1020
318
376
8
4
1018
256
4
84
244
2
104
728
216
28
220
478
426
606
126
990
392
190
128
150
176
228
0
102
30
2
512
4
934
814
64
32
224
150
4
478
64
748
12
404
652
0
338
178
490
964
72
6
38
566
60
20
126
6
36
0
510
124
318
896
2
56
92
0
372
972
160
392
560
8
4
212
4
64
440
284
304
80
252
48
64
960
16
478
20
0
436
96
6
562
244
0
688
144
886
256
156
376
48
20
160
408
228
380
128
60
128
156
254
4
128
350
756
0
64
464
224
290
466
754
384
400
444
120
816
30
350
178
408
208
942
44
626
118
376
750
486
44
488
0
6
88
832
62
84
12
498
0
508
32
32
4
58
464
16
8
32
472
256
334
2
62
512
2
126
8
0
182
382
6
82
426
84
128
2
76
512
24
4
104
896
0
756
106
30
130
102
4
232
16
2
286
864
350
2
372
354
64
472
38
772
352
188
26
12
368
48
28
376
214
238
56
20
550
254
444
776
14
54
460
14
272
768
18
6
92
702
510
92
248
192
6
2
244
412
96
354
496
4
64
64
790
224
416
16
12
428
512
218
32
0
30
376
92
248
104
32
20
4
52
48
4
446
4
766
22
48
12
124
910
348
600
394
512
24
32
236
118
312
14
96
206
16
110
24
28
120
4
852
1012
0
192
256
694
296
52
98
204
130
6
92
916
250
114
4
10
6
128
918
0
470
150
16
484
10
184
512
778
286
30
448
30
2
48
472
400
326
564
16
64
8
46
442
2
82
2
0
926
512
172
48
158
2
14
256
4
16
512
16
448
230
4
188
252
638
8
8
220
8
156
768
0
252
118
58
112
44
80
2
242
230
314
532
422
128
278
504
48
30
8
488
256
44
446
72
622
2
958
46
212
8
200
78
116
156
8
298
320
8
192
720
86
4
606
36
182
112
26
128
2
344
102
992
372
372
734
48
4
28
988
56
2
246
644
206
50
0
6
10
124
624
2
16
752
12
276
164
4
104
938
236
46
272
30
86
86
480
896
408
2
128
582
230
56
4
408
592
600
38
2
376
940
248
960
730
404
0
58
14
42
8
936
892
120
184
512
176
16
472
64
34
0
164
1016
54
14
926
840
880
28
734
446
4
40
52
76
2
320
14
64
60
492
278
176
432
176
16
254
174
0
494
104
894
256
622
166
32
58
512
22
2
4
1016
252
1024
144
30
254
376
248
356
94
8
366
2
166
144
464
2
20
264
0
20
408
152
398
32
84
0
192
242
80
460
380
144
496
528
96
128
0
32
8
32
16
126
60
224
688
472
128
2
512
184
0
160
288
16
6
144
92
2
4
912
48
332
8
8
1012
196
480
12
18
22
256
22
256
4
856
256
94
4
24
16
478
252
242
502
2
28
510
326
256
158
114
56
502
324
136
92
2
48
144
940
512
482
172
512
108
870
4
0
0
126
480
4
56
212
32
46
396
10
866
512
86
512
2
200
84
408
258
48
30
256
24
8
24
298
94
648
944
768
320
118
200
556
1024
88
40
134
56
380
560
270
300
32
88
424
16
0
242
0
2
8
88
2
32
6
664
232
24
0
162
354
230
462
64
732
80
318
1024
242
78
374
86
42
180
2
476
510
224
14
438
2
1012
64
48
104
36
116
52
112
36
832
880
30
192
6
324
234
2
12
64
50
8
106
8
4
366
28
8
8
444
366
480
4
56
480
28
688
60
480
100
20
32
0
246
870
2
204
2
76
8
20
26
912
248
476
2
200
506
6
0
8
0
0
660
472
0
124
2
828
446
48
40
504
60
204
250
2
30
580
112
112
422
208
256
2
622
454
4
362
256
120
56
40
24
436
254
92
120
428
10
24
48
894
248
256
178
256
2
36
992
4
244
20
20
976
8
686
16
956
1024
166
4
108
2
54
230
352
438
4
768
502
224
108
2
10
476
512
480
80
218
4
652
62
996
156
170
4
424
30
122
2
2
58
732
0
928
0
30
612
6
4
8
390
232
234
80
2
64
224
110
408
8
282
206
188
80
162
20
374
508
422
20
230
892
248
12
28
512
210
254
448
64
2
1020
22
432
2
32
378
750
4
242
224
2
72
84
24
64
896
2
62
496
272
2
4
8
4
20
22
48
404
480
496
8
992
410
168
704
46
222
0
1024
256
48
0
6
496
508
0
44
128
388
28
476
2
236
448
202
408
252
416
4
96
408
560
42
476
0
2
502
204
984
86
56
256
48
16
2
54
330
844
30
208
974
4
352
148
26
128
32
448
10
72
244
180
168
2
48
0
620
502
64
2
0
96
26
62
2
0
8
2
400
4
406
0
2
112
600
4
296
102
982
194
56
700
62
64
110
38
16
956
848
14
4
46
368
40
376
124
252
46
60
32
336
252
272
0
16
80
782
2
998
60
36
4
8
354
984
238
12
824
0
232
4
304
336
88
4
232
230
476
176
444
192
728
6
30
160
990
96
340
56
146
616
118
44
28
8
256
352
128
94
2
16
62
504
32
510
336
384
80
16
444
8
384
122
28
10
424
352
4
110
216
38
1024
256
192
752
294
246
376
500
930
6
64
58
638
138
2
0
2
496
72
0
384
468
60
896
228
354
46
92
108
16
96
444
32
16
2
24
504
284
24
20
98
484
512
476
16
24
14
2
408
8
1024
696
86
4
212
902
312
176
446
14
418
464
0
16
12
16
204
124
6
256
74
224
8
240
952
512
2
82
436
28
468
0
4
182
222
932
48
880
2
8
208
56
502
880
220
128
920
430
1024
52
128
586
16
988
20
22
72
606
8
354
240
38
62
152
752
56
48
92
102
912
672
124
14
0
0
224
874
956
6
4
250
248
766
752
72
2
256
124
0
510
24
368
0
256
1000
24
2
888
512
216
62
996
252
4
302
368
218
58
32
14
216
124
166
378
492
250
176
0
16
22
32
2
504
6
376
1024
8
546
2
108
4
24
512
214
0
4
6
30
4
434
256
256
42
896
112
236
60
748
192
998
998
18
2
404
218
8
8
38
972
204
50
648
184
424
360
8
8
254
456
180
190
332
170
244
560
148
120
4
724
0
44
694
448
118
928
858
492
2
384
24
96
104
8
498
240
6
4
66
380
742
118
408
36
2
236
2
22
10
542
556
12
192
0
108
88
424
880
0
336
2
8
4
252
100
10
256
0
4
788
8
64
60
720
350
552
6
46
392
360
184
172
14
4
496
0
152
0
400
884
96
8
4
44
2
428
16
188
114
798
16
44
504
56
224
2
692
24
60
330
46
176
268
52
708
14
10
704
88
96
766
30
232
2
78
816
128
2
238
450
8
6
526
94
32
14
58
136
62
2
854
916
32
570
24
8
116
8
60
510
144
622
560
32
12
64
742
2
884
462
120
108
32
392
432
8
50
234
2
88
666
506
176
14
48
62
512
376
464
280
496
732
512
240
4
1020
30
16
892
512
1022
1024
26
304
248
678
1024
14
310
880
2
28
0
422
14
48
16
32
976
320
60
124
54
30
462
1016
24
300
10
892
208
0
32
404
238
504
0
500
128
952
380
992
32
492
92
4
156
2
28
12
8
12
552
28
2
56
160
62
128
8
16
2
112
512
184
448
24
10
464
8
86
32
16
88
636
44
176
4
56
1012
62
16
110
326
436
16
214
2
12
510
10
248
496
402
128
118
216
8
4
252
2
96
44
96
20
456
504
32
60
458
56
96
6
256
380
400
210
478
16
4
2
122
2
0
870
760
26
2
0
24
60
30
764
28
872
512
30
8
282
16
10
500
112
108
244
4
384
152
38
132
78
414
2
192
16
8
88
24
186
492
2
12
54
2
446
100
202
68
512
212
202
108
64
56
246
512
22
336
444
0
2
28
92
28
476
384
278
118
294
408
284
14
462
96
788
100
1024
12
196
60
1024
224
368
748
24
786
124
1004
32
32
960
900
438
2
206
490
30
764
242
48
576
104
22
32
4
4
56
0
206
188
0
54
0
256
238
106
176
366
496
472
4
4
838
2
38
88
12
242
112
248
506
30
256
768
60
30
2
956
144
736
506
316
516
214
2
1024
28
254
616
448
1024
956
432
418
188
544
352
512
702
8
52
1024
20
508
2
992
728
128
0
6
2
106
152
392
106
428
56
52
830
512
96
256
390
32
44
252
8
184
646
74
22
116
790
54
504
750
4
24
8
274
6
508
64
174
48
512
52
62
64
0
200
374
140
158
58
0
12
10
174
248
448
62
100
256
0
1022
2
2
8
948
12
60
62
224
366
216
128
4
4
128
1016
2
16
212
26
4
88
16
252
2
56
8
8
176
4
2
340
280
54
216
136
0
956
32
806
248
4
18
0
80
812
2
512
88
1024
316
512
224
252
22
1020
24
984
144
440
4
180
96
974
8
402
116
62
12
2
56
0
176
128
160
858
184
1024
494
88
700
636
192
128
16
694
1008
6
346
568
494
20
196
124
164
60
8
404
32
60
256
986
458
412
106
984
188
0
252
48
256
1014
0
152
238
502
192
824
1020
378
32
2
26
562
826
80
24
24
196
2
88
1014
18
44
6
2
1024
224
0
4
748
16
120
82
128
512
318
146
512
126
220
350
350
890
0
44
8
30
240
910
0
104
32
36
414
124
44
30
4
94
8
334
510
96
532
152
294
2
362
216
168
2
8
8
10
246
256
186
448
8
14
30
22
478
4
4
56
2
16
110
892
158
6
192
0
8
142
128
62
422
54
496
248
16
6
58
118
0
508
636
22
256
56
864
12
648
6
188
1024
88
8
8
2
468
248
12
6
236
142
382
360
240
102
22
64
896
830
450
4
32
24
14
4
12
484
70
126
286
124
4
992
142
318
16
28
692
256
38
256
156
604
14
496
46
494
850
88
700
126
44
340
88
374
8
470
0
446
16
2
16
128
960
6
12
8
960
288
256
1024
26
46
428
824
0
6
54
432
896
80
20
608
344
496
0
256
1024
1024
112
44
512
6
108
56
122
488
960
62
8
748
6
0
128
212
188
1024
8
60
388
382
64
254
768
512
186
46
190
56
568
734
40
64
108
2
8
4
1014
880
868
2
0
344
998
220
8
682
38
900
248
6
36
2
472
2
50
4
96
882
144
140
106
174
128
64
114
2
556
34
186
1024
48
152
30
712
336
98
246
64
1010
510
48
32
28
2
256
216
44
124
36
444
224
24
240
512
498
126
102
56
168
480
696
830
822
972
288
2
730
30
128
4
48
256
358
4
254
384
14
4
192
28
670
100
512
508
282
0
462
120
350
102
72
510
824
64
4
104
866
2
124
86
564
8
76
16
2
24
474
346
250
46
960
60
0
46
70
256
122
718
510
690
740
64
2
416
56
102
8
48
464
48
912
298
192
188
256
128
426
1008
32
128
2
448
184
4
124
12
1016
56
254
66
250
2
0
96
384
512
1024
4
470
32
106
142
1006
616
2
720
16
442
42
234
64
160
504
244
512
452
464
938
2
32
32
512
608
62
102
230
1024
1016
154
112
8
194
32
1022
14
44
2
16
16
370
112
48
184
126
2
28
32
360
96
108
508
758
64
394
256
2
160
408
8
8
52
928
32
120
702
206
126
928
90
800
448
60
180
94
442
0
392
192
234
0
230
238
48
2
80
628
940
8
0
934
38
460
12
52
188
948
768
8
0
0
22
224
440
6
464
108
134
156
2
210
180
62
0
12
256
128
156
768
892
110
62
56
56
28
6
896
328
108
14
32
4
500
64
464
438
26
68
0
32
1016
952
6
94
268
436
12
118
16
1018
310
42
6
2
32
2
32
128
4
26
46
300
508
2
428
52
64
238
4
304
4
408
2
224
64
894
624
128
626
332
224
52
0
160
314
2
68
240
128
80
710
82
0
1024
2
444
700
230
228
856
996
6
978
64
352
238
214
14
224
428
248
92
440
296
52
2
108
212
350
60
216
0
112
424
64
4
2
60
32
194
8
470
392
864
2
328
348
302
1020
166
986
164
512
196
12
4
120
544
32
28
128
728
128
48
72
4
16
860
256
124
240
44
0
8
16
136
256
248
4
112
136
56
2
512
14
194
216
18
24
184
94
24
112
488
8
62
64
24
8
176
2
92
0
16
0
60
30
880
170
4
8
988
1018
744
4
956
128
480
12
48
1000
320
56
184
222
14
2
140
70
496
236
380
118
478
128
220
248
238
16
976
396
960
446
62
0
6
2
42
888
602
1024
4
32
416
104
226
2
94
470
34
260
976
0
18
224
104
32
240
0
48
66
384
382
