717
415
914
2572
380
500
6706
657
2990
9319
383
67
746
1066
4224
1046
9739
1687
967
34
8448
376
87
456
496
1502
314
1188
592
3115
446
235
1313
1080
914
1740
1810
6901
1308
1316
4884
999
854
3729
6047
592
4836
388
2816
1058
2585
2712
322
26
4084
9668
854
5080
1381
3661
391
798
758
23
1339
1390
888
2720
377
4484
8917
16
3585
1900
1882
1808
420
1761
1715
7973
2853
9959
6051
551
1157
4957
285
4556
923
309
5706
327
1325
656
557
508
2365
810
608
88
6396
906
574
3687
2414
482
2204
2762
2391
6437
3919
705
444
407
407
5572
3879
601
6451
441
2420
78
932
484
8113
4384
2505
466
1772
74
1383
134
1302
506
411
772
5564
650
1175
620
564
149
401
1814
1920
3045
1703
488
3166
406
656
1567
747
5087
6264
533
1718
6599
718
403
1164
4885
2
104
1967
2538
922
602
114
137
624
1958
6429
564
2168
6265
46
703
2081
633
52
1165
690
1608
18
7511
1920
4095
1350
50
20
8685
4965
675
1214
296
2225
368
1057
129
4063
746
3454
339
42
1525
5024
1865
3732
511
3937
5793
2264
7033
6955
435
2133
3993
420
459
1745
174
4749
163
4704
8619
232
4693
936
946
743
4979
3577
2183
963
463
5535
1693
1008
3951
1422
891
112
1768
62
4715
976
3920
313
1404
1855
270
130
8
4701
1654
7559
928
4711
2461
2332
1665
171
1649
8275
6254
7877
2281
8094
201
768
6245
5137
5615
313
6779
1453
1948
221
1073
7013
4284
1382
306
619
1063
798
9883
435
4715
3189
1217
365
553
2738
1055
5389
1073
8429
111
3273
2430
371
937
2756
2
5253
16
2536
9147
61
370
9
406
1473
1853
3686
3555
182
4636
5676
939
1027
4968
461
685
528
1744
2698
436
576
281
3835
9884
1034
583
134
322
1482
2274
1434
2456
441
1468
1152
573
524
4457
1561
233
105
1277
3899
1901
1473
3219
1403
9614
7628
1353
7498
157
78
2302
959
2776
1144
1454
1301
133
88
675
9751
4809
5628
4242
130
6123
1525
3714
386
88
134
7246
925
9112
2378
639
1212
8595
896
4375
2250
8733
689
729
1967
231
734
1917
4149
6082
3516
2159
206
4504
174
1482
1431
200
468
995
2900
1456
2715
7695
2600
1938
8660
4539
227
3515
1302
8567
752
632
8240
4541
8037
3684
200
4428
4377
6026
2378
4165
16
8298
1444
798
4226
2104
2197
1906
294
5983
1371
1432
1889
1294
65
938
9278
1442
5361
61
400
1698
934
1373
7236
3441
291
2157
1338
8
698
9719
144
932
217
3181
1776
6948
1269
954
772
15
932
497
501
1284
236
5680
1175
440
9091
0
7913
189
3087
8378
359
2426
2286
8768
805
3499
247
6528
934
2674
171
24
880
289
5201
795
4789
8695
280
1282
1410
340
1574
373
38
579
8299
7268
1365
702
722
8108
172
666
1449
1448
309
1191
1995
25
634
5144
9041
6149
593
1801
501
9110
4025
398
7303
114
0
605
818
213
2932
730
475
8594
1585
2980
281
593
275
691
447
754
9918
475
3966
2695
405
823
819
2906
482
2415
365
251
4137
8395
351
449
57
664
777
96
2608
285
359
792
4502
7065
2300
457
9797
652
795
706
1525
527
1449
178
996
7337
3324
523
713
404
105
7267
629
112
2056
1608
8716
9612
436
3614
491
2366
4515
113
955
149
1466
693
504
420
2510
2800
281
282
3030
456
3937
6463
1338
6614
370
1162
4575
1869
450
1011
1279
3592
325
731
282
467
1262
8663
4709
484
4079
1368
8348
917
151
6980
940
854
1500
1131
3005
7183
325
274
778
1393
6687
2091
6291
3722
2431
629
120
1318
125
1978
2722
435
326
103
6287
97
1820
209
1260
357
247
414
6307
3627
406
294
1902
446
4640
6140
94
179
974
206
9873
455
166
372
573
153
109
4273
508
371
484
9647
693
4963
759
984
398
1618
1702
366
0
2871
1020
435
398
1055
3200
676
9823
3490
1965
178
133
64
492
57
229
675
1457
366
668
4870
5531
466
466
7901
487
6741
162
1442
69
854
900
2980
8
1449
7571
2342
6394
27
64
1523
1448
287
822
301
1597
3562
85
1275
5451
2496
994
199
133
2228
487
798
221
663
976
854
1987
583
1721
5776
925
1494
1323
3211
142
2105
4123
1073
447
3956
468
1347
27
166
335
288
7200
5456
5749
6392
2549
3253
355
6746
455
11
2549
233
5695
283
4773
4136
2547
508
718
5245
298
1355
541
1847
3679
849
5343
1028
634
459
3889
290
1656
1000
344
261
0
4334
408
9726
1749
6031
1297
2202
870
701
970
372
259
1752
3475
114
9433
9033
6793
1301
492
1059
834
981
4523
7468
413
287
9432
27
144
898
8894
790
0
2965
294
1196
7138
325
3764
1122
1262
8009
307
3625
716
1268
26
1052
396
5784
420
125
4747
209
4807
219
144
1813
816
2633
3576
4433
439
812
551
6622
295
229
5264
197
417
1566
100
424
2368
4363
645
2595
1284
2381
384
311
263
3651
353
459
478
941
3673
0
9539
2869
2001
1134
933
2327
1316
636
2054
898
9491
5870
3321
133
4765
1790
4609
2028
947
319
346
1394
514
3844
1337
1499
128
4757
8022
64
5041
2335
5702
400
8954
772
553
578
1591
8577
6472
496
356
326
6682
9249
4210
3574
1057
5744
386
144
4911
1375
900
488
64
9908
2394
2196
6770
2295
9703
351
2288
1993
1148
133
1057
998
184
941
2152
68
1994
2124
4536
746
2367
9160
41
254
1125
384
213
1133
702
205
7852
353
217
1589
6507
6996
378
467
5722
178
912
5289
11
3870
200
928
4
1404
417
5732
2048
318
1985
846
684
369
1014
2296
1410
5091
366
4777
1653
85
3259
406
2128
28
1923
4908
0
2118
8628
4418
259
4538
363
1918
6117
1142
2738
4154
513
296
1437
496
467
846
2959
399
566
5713
600
845
1485
772
325
1177
3747
3535
9202
434
1410
472
675
517
2257
7781
1316
952
478
471
1049
437
9653
422
3020
678
1301
7111
1294
622
382
541
691
1721
869
3883
1430
5992
2663
849
297
7487
3203
2856
1062
1581
6145
885
1685
8264
557
424
1663
4659
2106
4169
1103
6523
2203
573
430
762
1268
962
836
3611
441
5532
376
88
4739
3384
474
2365
6877
226
1211
0
1692
184
1272
374
2889
370
5941
394
8266
711
242
926
1017
2895
754
3895
68
3274
1447
696
698
3044
1173
302
989
378
3944
444
1325
600
422
4
5070
137
2717
710
3708
327
926
9381
2628
780
489
300
842
4643
2771
1179
294
462
376
136
792
277
1686
1404
4788
0
1486
1698
993
5524
0
1267
87
799
880
6335
1953
205
9666
0
0
2035
2271
583
795
947
1417
530
494
14
1260
4679
377
1145
3827
319
864
3604
994
88
936
3653
1206
3888
3237
1401
144
193
343
287
968
2928
400
478
700
1608
1502
5097
223
1044
1434
2245
5553
0
4275
7208
685
2345
2902
1089
801
177
1780
176
2046
325
41
2873
402
2260
1036
8355
221
1882
867
1225
506
1177
257
1422
466
213
2369
1616
184
955
2868
305
2947
722
224
7332
2232
1030
5218
4323
217
7461
1012
601
341
6239
702
562
6202
732
15
319
1564
1260
835
1996
541
0
1103
4253
987
837
1158
520
733
118
941
6740
1497
8592
9632
1010
3857
3443
400
488
2584
557
175
205
447
1079
103
622
254
2322
337
335
0
1067
0
0
223
2032
1298
1818
0
2307
376
60
792
805
2046
3634
6591
1595
1558
424
444
352
4490
334
718
6430
2394
3906
3539
2230
3314
731
3460
231
750
0
1365
4173
1179
1129
141
3930
0
279
163
2715
981
405
488
3225
296
1073
1137
5170
3218
996
91
1443
1431
141
920
3436
309
1708
704
537
0
4505
1196
0
2834
5686
0
3139
1102
3170
152
0
405
4302
206
0
1221
425
155
310
870
592
326
6196
5041
104
209
533
446
450
403
8240
846
209
264
695
285
436
2735
1810
4792
955
3055
2015
880
465
2119
2906
2552
1685
2370
174
25
261
812
395
3720
290
554
3207
354
1431
8567
3934
210
1622
1873
1529
390
13
4132
6867
561
1482
1682
5800
0
9228
406
251
3689
1226
251
0
844
987
1411
378
2053
335
2659
47
302
8639
4485
584
0
1360
1922
458
1196
1528
310
731
513
450
0
8804
502
1384
1957
200
553
1405
296
4540
2987
202
3200
685
88
1143
437
1505
707
136
491
271
3324
9922
1063
1011
5097
9621
246
326
2304
4104
958
662
149
1301
467
4897
0
587
0
489
85
6035
747
5177
212
846
356
1715
549
786
146
496
3697
944
976
5392
607
477
166
210
1292
649
418
3296
705
938
5086
1800
18
4947
757
2208
630
1175
3791
249
98
0
624
4235
3079
0
4384
3311
707
458
860
0
0
1765
736
2240
541
823
1116
1257
0
4235
4321
3227
125
377
1801
370
281
613
0
330
8699
105
9005
0
0
671
224
455
1461
928
283
5321
482
956
459
114
0
1312
1559
535
426
429
0
435
524
2
1961
8506
31
1328
141
1411
2878
2919
509
8472
0
1196
1468
30
180
622
29
7991
824
2156
643
2986
1608
213
545
200
3083
25
524
452
471
940
756
437
523
529
458
981
2857
1463
6548
1762
179
420
2339
365
1639
739
8825
794
7632
1126
1418
396
306
801
6254
2036
2369
980
954
3273
3077
141
2281
245
3650
919
6444
0
352
104
1046
422
0
0
705
2109
449
467
1257
998
4636
8755
4151
993
462
134
4500
1477
2385
0
1069
698
1410
841
157
0
84
310
0
0
64
382
7002
718
6485
2784
2843
607
6285
2709
616
302
7250
8669
593
935
64
1291
4374
412
766
9195
1198
6221
434
649
2816
46
7953
0
496
2958
1096
125
1594
491
302
0
296
136
816
5121
824
418
1015
1133
141
0
0
1009
2259
36
38
3103
846
1394
323
1090
787
7793
1616
344
5178
1204
0
421
2134
5123
2665
4578
2864
64
3065
4035
60
1510
436
0
420
4411
2883
629
314
704
340
7041
0
87
977
509
43
2314
0
297
24
2106
96
2922
307
7560
1925
1525
334
228
507
1328
0
0
422
8229
0
420
1624
0
497
4023
171
1369
471
743
6731
0
4050
0
5990
517
87
85
248
3856
1420
422
5825
5698
348
578
438
162
370
0
1709
977
8503
212
0
1123
1881
970
359
9153
0
0
3
184
348
1468
2081
1005
2998
4907
9745
464
104
0
1011
663
7110
274
4660
1217
1745
797
0
591
583
550
817
949
1766
2371
5023
38
670
1951
142
1426
632
406
46
0
2498
198
1033
751
7850
147
447
1553
0
852
0
375
7922
3564
2638
923
70
187
544
8
0
453
4763
76
507
619
339
0
9406
3378
1489
388
8759
2110
1962
623
2556
0
0
564
109
502
5566
411
1177
2649
2569
1009
302
2947
1640
337
1478
360
1535
0
504
270
43
685
54
0
555
294
467
224
424
4774
3960
334
235
0
249
0
3364
380
588
190
479
488
4851
0
0
953
65
363
189
0
1288
2163
6314
4144
1028
634
336
0
0
1032
175
1101
2421
137
632
1908
0
307
896
326
221
1386
3636
0
194
417
274
5182
0
1065
145
302
104
1938
2365
2617
0
1308
0
773
1095
1076
2242
0
213
449
1478
626
6918
404
0
36
1739
956
781
553
0
57
0
0
4842
1142
459
646
1820
438
1585
87
1750
0
550
966
141
3105
9423
4607
33
48
1631
0
878
2974
0
0
459
0
422
1750
9
1226
0
457
0
5572
309
2695
388
4239
4568
834
9813
337
588
481
497
656
734
1883
444
1200
1435
478
820
746
372
686
4669
388
1817
283
598
120
512
8736
417
0
184
3979
1853
1
0
171
1008
0
0
480
403
994
0
288
4877
67
1004
282
0
416
0
0
1381
3505
165
2118
165
1030
104
101
3084
297
0
4129
1860
1891
478
0
366
2902
92
212
434
114
417
162
101
1085
0
782
400
592
171
661
7683
1126
0
0
869
90
602
5254
0
3629
772
939
447
1535
372
477
0
899
70
149
1457
314
937
891
2878
246
529
2226
447
676
189
1274
0
555
2419
3388
41
1813
5501
436
127
3232
409
1082
1349
702
443
9119
13
165
0
0
2607
904
1191
2383
1894
0
0
0
1236
906
1342
0
3313
549
1963
3197
763
1535
147
534
1308
0
952
231
362
2207
737
2533
0
511
4880
553
217
3918
3988
2907
0
3177
0
459
3399
3692
905
2137
162
1585
5374
5467
0
41
0
0
0
1475
359
0
70
0
1115
0
406
498
799
514
0
341
878
2219
519
169
700
0
0
0
1252
2931
104
111
24
1288
1272
595
1718
15
100
0
1065
1118
327
355
3843
0
684
254
2291
0
547
0
288
1432
343
50
1567
2852
0
620
9393
905
496
0
0
460
809
0
0
1242
248
1122
137
185
400
144
0
0
2458
2059
2777
700
1746
1196
4343
0
471
0
622
1375
54
197
1659
7370
234
346
263
1028
0
775
0
626
2417
4591
0
3123
0
2058
31
5030
126
10
24
420
2151
1226
0
82
280
0
2458
2886
420
0
1740
1153
4500
2851
0
237
0
0
0
223
287
450
0
271
993
96
714
4065
816
228
588
394
0
236
288
209
1363
814
379
824
2246
0
0
693
1726
592
0
443
1262
24
0
172
467
1666
1048
752
2384
926
2100
283
337
795
6830
124
1514
3086
0
157
0
0
0
1544
0
2379
1596
444
112
1497
2391
0
0
221
1060
3781
1345
466
2188
920
0
930
0
1057
390
0
1545
0
0
4284
6184
340
0
0
2287
0
0
0
582
96
643
2160
291
535
454
1838
1004
656
0
940
835
810
933
2962
520
4225
801
162
469
1201
280
0
884
262
634
0
705
0
232
2454
405
1083
443
724
4863
526
774
386
1055
0
746
0
1019
242
202
1152
1037
955
454
0
371
1028
0
189
0
0
223
3064
2582
2270
2612
867
0
537
490
0
0
5082
471
1376
2151
0
340
2980
920
0
171
0
2204
0
87
210
899
800
0
492
97
623
0
113
314
0
894
296
319
18
2656
0
464
7
2868
1803
0
1032
144
282
1533
0
1087
103
2502
0
557
0
1144
659
192
769
236
54
1104
589
1411
0
890
1068
1257
280
229
1249
2045
1267
0
905
2775
3298
0
753
661
313
489
0
443
319
578
4225
724
349
539
0
2828
3162
4821
932
0
794
1342
1519
1176
0
3525
3603
0
370
187
335
65
1743
837
0
0
231
232
3181
484
0
0
1372
374
481
497
344
0
1435
1701
418
768
3430
0
0
144
820
170
0
1891
508
319
2675
0
1448
963
0
0
176
0
623
376
170
2
540
2498
0
433
328
813
434
2361
297
1260
0
3610
478
504
545
0
1829
0
0
0
488
310
575
436
0
169
733
2076
0
227
0
460
0
1571
1011
446
0
0
0
2912
475
0
1653
3957
0
716
0
190
0
7452
3162
921
796
1350
1201
29
1020
2433
0
1242
0
0
118
557
2142
0
0
1328
679
363
0
457
702
0
1096
646
109
0
699
490
171
1163
0
2494
1374
0
0
1449
388
2192
496
601
528
0
2516
931
842
409
0
502
0
386
251
1637
251
1849
0
0
0
993
412
447
7
563
0
1191
142
430
0
0
0
336
588
422
365
0
0
0
754
456
655
351
98
1113
0
305
629
0
825
0
0
625
1242
110
109
555
344
0
815
2056
1075
0
282
0
942
675
626
0
0
145
0
4045
189
595
507
444
291
1267
1029
0
0
878
405
0
74
0
340
231
38
386
0
0
426
704
0
0
675
0
38
1360
0
775
612
1283
0
1057
2169
4218
1998
0
0
732
371
103
356
0
0
145
1153
212
0
0
64
0
0
1012
0
291
0
0
0
248
0
0
372
1765
0
0
0
1010
905
248
99
2718
0
142
719
987
991
520
346
0
0
514
0
538
1535
0
1044
64
123
672
1009
0
0
0
6761
344
479
1581
118
869
0
0
0
0
0
5373
310
281
0
236
568
713
518
271
459
0
85
0
0
0
13
691
1574
824
3607
2915
0
675
1102
0
174
477
0
0
187
0
0
0
0
384
0
437
137
0
0
1411
2254
808
460
0
2047
0
192
1208
378
270
674
4114
232
142
477
420
1216
2361
0
392
0
321
1020
130
1745
187
0
683
425
1735
0
1171
136
268
170
330
963
0
196
251
294
1900
398
0
923
888
302
451
512
0
242
202
0
583
3521
1264
1551
334
0
146
0
0
366
686
192
135
213
648
0
7926
502
142
0
1438
2977
1102
0
0
0
0
3115
445
287
0
50
422
0
0
382
474
235
0
394
449
1067
184
0
852
0
443
313
1740
0
1595
160
1595
78
330
747
533
294
859
0
411
888
357
0
0
357
467
0
279
896
2855
1038
0
1995
0
4225
346
0
1898
0
2650
1492
426
0
1423
111
912
444
0
855
894
2259
0
517
1282
0
184
2094
295
393
0
0
4899
33
0
468
31
455
484
0
430
184
0
0
41
0
0
753
0
730
195
125
262
126
0
4536
761
0
467
0
540
0
399
100
142
1342
26
1129
0
0
659
5992
549
0
0
0
456
1548
128
0
653
4357
250
1515
0
1019
0
416
404
666
0
463
1410
0
351
291
0
0
844
0
0
149
297
2226
540
715
227
0
327
382
670
0
274
0
0
835
1375
1292
3293
0
0
0
406
1242
3330
125
0
305
1116
355
796
459
0
0
1923
477
1094
699
1884
1111
64
835
584
1404
456
0
2737
0
227
0
0
0
0
0
0
1722
0
0
0
0
469
752
0
0
432
0
1172
0
0
454
2520
4092
512
95
0
0
0
0
594
718
1882
1771
0
0
3647
1315
408
680
0
628
0
0
517
453
0
0
0
315
0
479
1435
1057
923
378
65
451
2103
0
1549
184
458
0
274
0
0
824
0
193
489
0
2431
0
0
2935
2442
0
523
92
0
1428
0
684
1585
2122
2021
0
301
1373
0
213
26
1044
3276
422
1686
0
26
1473
87
0
351
569
0
502
1202
1644
0
0
565
0
141
0
0
372
263
0
0
0
0
417
1260
2310
74
0
0
2370
1116
1489
1279
453
0
382
0
768
504
436
1953
232
0
0
0
351
5626
4284
444
0
200
0
847
25
100
1616
328
3227
80
1481
178
0
2505
5945
0
176
650
0
0
1732
420
404
374
0
0
0
1634
0
0
394
174
921
558
0
438
89
353
0
0
484
529
0
508
704
1272
0
0
0
1673
0
145
0
0
34
691
0
832
1279
226
0
2933
1665
921
340
0
0
693
1027
24
0
206
283
931
0
0
134
6610
43
0
0
496
1673
602
74
0
431
0
1061
595
0
235
0
2232
836
375
213
391
0
0
137
0
409
0
0
998
0
276
74
0
0
38
365
136
326
0
29
161
0
405
0
64
444
0
1102
1169
1447
287
0
491
0
489
1768
1041
977
1575
60
38
0
2189
125
23
0
0
2337
1095
263
320
280
316
437
108
0
0
530
588
0
181
52
129
0
5508
370
0
384
142
0
133
114
194
386
0
0
0
0
1017
0
26
0
700
739
0
517
70
2442
420
0
0
271
0
229
314
0
724
0
144
0
269
0
821
575
0
296
1030
2020
0
0
0
619
0
1572
0
795
0
1660
1633
0
3003
249
558
439
344
0
0
830
253
0
2447
0
1256
0
0
340
3970
87
0
324
2778
0
1366
311
0
686
0
728
0
0
444
2
0
133
625
0
0
653
0
0
26
0
0
820
1698
399
2019
458
647
0
46
0
620
0
2688
0
1068
1258
3881
937
628
0
598
0
0
0
457
0
0
2992
0
3973
0
2194
0
0
0
0
601
429
403
335
2608
1076
0
319
0
110
458
0
463
0
1081
0
675
0
0
363
0
540
0
1363
200
2585
0
456
0
1807
210
502
0
0
0
2036
446
0
54
0
0
0
294
245
544
0
142
0
1143
767
90
200
0
2354
15
0
0
166
489
0
0
307
313
502
25
143
0
283
0
753
50
301
1041
754
0
97
870
2035
0
0
2976
0
0
0
0
248
0
0
133
0
0
0
1512
0
365
2181
0
0
5835
0
422
862
311
766
155
0
0
457
1455
400
0
186
0
0
0
600
0
31
778
1886
0
2992
0
1137
1188
0
0
1431
724
0
501
1777
1402
355
1604
2
357
83
125
336
0
0
2470
0
70
0
0
0
0
1302
643
0
1512
424
280
1439
0
60
930
0
0
817
798
0
437
0
1294
334
1281
294
0
466
0
0
0
2170
1461
160
0
0
425
0
0
171
190
0
0
0
0
489
15
0
963
0
2530
0
482
1374
0
199
0
475
1838
0
0
0
384
1066
1404
638
0
164
0
280
0
1778
0
0
854
157
0
0
0
217
1289
325
0
178
247
25
458
1
0
0
940
109
2475
218
0
864
0
0
714
1953
0
23
418
0
2863
0
436
259
223
989
337
0
0
532
0
1880
166
0
1512
0
934
0
685
352
282
351
110
396
1400
1328
657
0
0
403
0
1524
675
0
420
775
307
986
1991
0
835
558
1335
0
0
47
1435
0
381
89
780
30
2036
8
0
251
157
200
0
0
141
0
0
429
0
116
361
2231
0
310
633
83
436
0
995
0
30
0
372
589
0
2813
0
378
468
0
0
3171
406
403
0
472
1242
1417
0
0
1204
130
1041
0
0
0
294
421
0
0
0
149
1143
822
714
0
1325
0
0
475
0
455
602
928
275
443
758
517
0
1020
0
0
0
0
190
14
232
309
1011
138
601
0
0
0
703
279
0
251
0
14
0
1021
178
0
940
0
0
0
23
0
344
0
3895
26
0
4
0
334
0
0
236
707
417
541
0
2405
0
420
655
337
772
0
0
0
2169
1358
104
474
641
434
0
189
6
0
147
926
583
516
0
74
0
0
834
2104
0
0
272
0
466
0
0
1111
417
0
1118
0
870
0
0
0
0
272
187
0
0
0
0
0
0
0
290
0
0
641
565
2043
0
212
0
39
926
0
482
453
0
799
456
676
700
1836
370
0
0
0
396
0
0
777
0
835
1501
0
0
83
0
0
229
2740
0
0
0
388
272
0
0
246
0
0
0
0
0
0
334
696
0
549
326
224
1982
0
145
438
357
1342
0
0
0
246
2187
67
647
1009
0
424
0
248
652
337
357
1279
490
0
0
0
0
0
1435
1662
0
30
8
0
0
779
452
628
446
925
905
348
306
0
0
1221
0
279
496
0
406
0
0
2446
0
340
562
0
13
0
0
0
511
0
655
894
1768
0
702
359
0
1494
0
0
232
1371
114
1692
0
0
553
89
433
2160
0
146
0
0
100
312
1447
35
0
0
1644
457
1302
268
78
206
2808
57
0
0
794
732
0
0
675
489
0
337
0
0
711
0
3961
83
417
768
704
0
633
62
0
477
455
0
0
0
1873
326
540
667
849
0
0
3136
319
1090
928
759
0
2506
823
612
0
370
494
0
878
0
684
541
0
0
0
0
0
444
0
1028
280
231
0
0
0
262
1314
0
0
3065
1771
0
113
0
233
0
0
0
1860
0
0
1539
87
87
0
0
723
112
318
128
288
259
0
0
0
1417
639
0
46
0
533
1274
2159
0
1824
326
2379
0
0
0
0
506
0
0
1057
1895
0
11
413
478
0
0
0
0
1010
449
0
351
0
236
933
0
0
446
0
262
0
43
0
569
0
1372
0
0
144
715
956
0
855
0
645
1242
70
1422
249
0
966
0
10
0
0
0
445
0
634
408
157
1268
85
969
528
0
756
139
1950
1438
0
1818
1612
675
375
46
446
775
142
991
0
0
149
0
0
77
0
0
0
0
1525
607
0
0
0
283
113
0
991
0
786
854
0
5566
933
768
759
0
538
2140
1426
57
2263
3543
1169
564
316
1388
1025
0
595
80
269
768
43
89
756
1504
313
411
0
2335
0
845
249
0
1203
390
832
1257
198
3956
229
0
0
0
1787
0
0
0
0
540
0
0
1081
0
870
202
149
0
0
0
0
11
0
6140
192
1122
0
375
135
5
0
0
1115
0
0
105
1615
246
61
862
864
0
0
0
477
463
261
206
1362
247
0
0
0
504
113
0
0
0
0
530
283
0
285
638
0
50
895
0
0
223
0
359
0
557
533
0
1016
2035
759
161
0
34
0
691
0
0
578
250
1501
1978
0
1356
0
666
74
0
2069
963
0
109
23
0
0
0
0
0
157
3081
1291
104
0
0
435
281
0
0
457
4
1890
1453
206
365
0
221
0
1029
2111
432
1066
0
1096
0
403
351
0
1907
355
0
2657
776
0
812
0
0
1288
370
0
227
0
170
0
0
0
1125
0
0
0
1660
0
0
0
823
0
130
0
0
0
761
0
533
0
0
182
3474
1439
0
713
881
0
0
482
0
1052
445
0
0
0
0
444
147
0
6481
1137
424
47
0
296
0
0
1188
2411
0
0
0
0
452
239
351
0
0
0
449
1030
856
0
0
340
0
422
64
352
187
0
1553
0
0
0
0
477
634
0
0
175
149
133
0
316
2061
143
646
513
420
2539
100
0
194
221
0
732
653
0
42
0
0
0
0
1196
0
734
0
3105
108
156
511
0
313
1011
0
0
0
0
0
209
707
0
2483
298
0
436
0
213
355
0
2370
705
715
0
0
678
0
0
118
0
0
0
0
1435
0
502
0
340
101
0
0
0
0
1644
754
963
685
0
1707
0
408
0
0
64
0
0
0
472
166
386
0
0
0
0
429
175
0
0
0
772
384
91
0
83
588
452
1166
0
280
0
171
0
9
2
223
606
110
0
0
492
1258
327
0
0
481
0
1404
98
0
2013
2097
453
1137
31
0
771
227
0
396
912
279
569
0
104
227
0
114
226
316
1616
0
455
231
0
2201
0
592
366
87
0
90
0
0
1134
0
0
0
0
779
0
0
272
0
60
666
0
0
0
306
0
622
0
1213
875
715
14
1430
182
407
715
1
0
0
0
0
44
0
1044
0
270
0
607
3015
621
436
633
1937
1072
835
1431
0
0
0
926
1795
2001
0
523
405
384
0
675
0
11
0
632
780
666
26
1324
0
0
488
0
0
459
405
463
0
0
110
337
504
0
0
0
33
0
228
80
52
0
0
200
0
365
0
796
1370
438
0
409
0
33
1411
638
340
0
300
0
0
85
482
60
428
0
12
85
0
0
2646
0
200
699
635
566
41
0
0
767
0
408
849
878
0
7
0
0
695
0
176
269
0
390
2640
1118
0
0
261
210
713
815
984
0
0
0
0
753
2341
0
233
5237
209
1760
0
342
1129
2966
0
0
384
307
0
8
409
0
0
0
0
0
675
0
339
1074
414
0
0
88
38
417
175
0
0
0
141
625
2053
0
452
463
2927
200
1009
0
0
812
433
313
1043
112
357
0
144
0
197
1208
0
456
699
0
9
861
936
0
153
926
0
621
0
268
0
0
0
0
474
105
41
912
0
0
0
61
455
0
330
928
0
105
0
0
935
607
0
0
0
466
137
147
396
0
0
1214
0
0
128
643
0
0
262
0
434
0
11
941
198
3366
2475
0
1472
200
484
743
0
494
699
0
0
0
182
0
96
31
0
128
1188
0
233
0
96
339
688
280
0
83
1108
0
0
489
38
0
0
166
291
0
445
0
0
0
0
210
2385
0
1175
0
248
785
1116
109
0
0
607
0
1487
77
231
0
372
0
1066
0
0
0
678
1118
1388
109
713
0
0
0
87
530
171
796
263
0
0
0
0
391
533
227
0
0
446
817
34
507
0
0
848
36
1022
2329
1026
0
0
1294
1298
941
705
246
0
445
0
0
0
549
31
447
432
0
0
0
575
445
425
398
1711
655
1539
24
561
1418
0
1030
3847
0
899
0
310
481
1390
377
176
334
831
700
0
0
242
0
340
0
1316
241
0
0
732
437
939
0
751
447
429
0
408
0
0
601
0
57
219
29
0
0
0
1067
0
0
640
0
0
0
864
288
341
145
361
938
390
0
152
751
0
528
1090
780
0
1032
932
0
0
0
970
422
327
0
0
190
0
209
0
1481
1404
1063
629
366
373
497
2473
699
0
0
398
506
0
529
275
0
0
325
348
0
0
0
78
0
0
707
371
0
0
0
466
0
798
157
182
2385
768
751
588
0
0
0
0
0
472
2123
792
1068
0
0
0
0
686
0
0
226
570
0
0
0
356
0
151
407
0
0
854
583
190
386
0
0
335
1400
0
136
0
0
0
0
0
433
659
0
0
0
2409
1066
0
0
0
2851
483
0
1063
0
0
0
0
12
659
1553
217
0
404
0
852
1976
296
157
0
378
296
2392
0
157
298
372
144
235
186
0
0
283
0
125
0
0
0
0
1113
700
0
0
455
15
0
0
2879
1645
464
0
149
184
24
0
1890
798
481
0
456
0
12
370
0
0
183
0
13
0
792
0
0
497
0
0
0
661
0
306
0
0
298
0
10
0
0
455
1017
157
0
206
0
34
0
30
655
894
182
0
0
688
24
0
0
246
30
0
145
0
0
0
2400
0
271
0
0
1294
1321
219
370
365
0
0
0
1011
43
0
162
0
0
0
425
0
0
1384
987
557
3178
844
359
1217
1044
0
0
0
41
0
453
645
0
493
411
0
745
0
1316
0
0
512
0
0
0
638
246
0
808
0
0
959
0
464
813
0
399
325
0
374
1285
319
680
540
0
0
311
0
142
2000
287
0
0
556
0
0
0
151
852
70
404
236
0
700
157
365
1800
414
429
0
0
0
0
0
176
0
634
0
1316
0
354
464
342
335
0
0
319
693
0
0
377
607
1314
436
1483
0
496
0
0
474
0
0
696
702
0
0
649
686
0
149
2426
469
248
623
1674
0
0
0
461
941
0
202
0
0
669
0
1328
0
378
0
0
620
557
435
0
0
1449
275
754
1555
339
0
193
0
236
391
0
0
37
0
25
1359
0
0
878
0
0
501
378
337
0
0
0
1407
0
999
0
841
459
693
0
0
0
548
217
539
0
89
0
1417
227
705
0
1098
205
0
1207
347
1087
0
178
197
12
141
0
0
0
344
231
795
0
655
227
0
714
1063
0
0
0
50
310
400
0
953
607
0
0
0
0
0
0
0
437
994
1068
110
0
0
0
975
341
152
1559
0
0
340
443
1954
61
906
377
508
335
0
1349
291
283
0
0
1608
1038
0
606
291
0
512
46
141
1046
0
0
0
0
0
0
383
1922
145
0
0
0
1030
0
0
29
710
0
0
0
0
353
0
482
1449
414
872
926
0
310
166
341
1125
0
0
249
497
0
1090
0
242
0
0
469
489
88
128
476
0
0
1535
227
0
1004
1025
0
0
1753
1058
0
1302
0
307
2274
0
659
0
0
780
407
1718
0
715
0
1671
95
955
541
0
0
507
0
0
0
0
174
0
0
447
0
1400
365
238
0
547
0
313
811
693
0
0
1753
548
3
374
0
1308
934
288
878
474
417
0
3284
0
921
0
0
0
110
359
146
0
25
0
0
0
219
176
0
620
0
25
0
13
0
553
0
0
0
362
626
0
1275
0
0
0
390
1475
537
772
0
452
1820
477
0
0
1658
0
0
824
0
251
0
412
0
382
491
0
0
0
685
394
380
0
0
0
197
0
0
437
0
0
1066
894
403
0
0
0
606
0
446
0
0
0
501
865
995
688
0
342
0
1282
65
0
0
0
0
0
0
459
930
65
0
1631
334
787
0
0
508
0
78
213
0
0
0
0
406
0
351
591
1915
1268
0
0
0
780
380
0
0
414
0
67
0
197
2453
0
0
1928
0
0
302
0
192
221
0
604
0
761
0
153
384
0
655
0
236
0
478
1898
0
0
2121
294
1358
947
0
950
105
772
27
0
0
516
78
377
2266
337
417
0
980
0
0
1118
346
0
437
434
394
0
704
0
274
0
0
1663
907
0
663
365
1459
0
0
263
0
0
557
0
922
0
444
46
932
0
0
327
74
0
192
0
0
53
0
1914
0
0
23
0
917
374
147
0
0
0
0
22
145
607
304
108
0
0
0
846
0
987
0
591
0
703
0
85
922
313
0
0
671
1402
100
251
0
0
0
478
280
375
0
0
0
0
0
0
174
549
0
0
1278
366
925
0
0
0
431
0
461
0
41
0
193
351
832
382
38
0
0
0
0
0
684
0
0
0
0
307
0
0
170
0
0
774
384
0
455
0
0
166
0
23
0
0
0
799
0
1953
365
316
405
0
0
0
0
659
0
363
311
0
472
0
174
291
1801
0
91
0
0
595
343
439
0
0
52
941
1338
3547
0
1878
1067
0
443
488
0
0
346
307
452
721
0
533
0
307
0
287
0
152
0
65
487
467
0
0
152
0
377
0
153
0
43
143
0
0
0
1316
0
0
0
334
1144
105
461
340
442
863
0
578
0
592
421
200
375
0
0
0
0
281
0
341
172
337
0
658
405
0
206
219
0
0
1179
1440
771
0
511
0
311
0
163
0
0
699
0
0
0
0
878
417
1044
0
0
0
182
1070
0
923
113
0
931
598
0
0
0
0
0
530
1121
0
380
434
711
1188
533
1161
87
288
2058
0
1100
205
0
0
477
348
0
0
420
0
108
650
0
0
0
0
0
1103
2620
1504
0
641
792
541
0
0
104
396
0
67
279
291
0
1196
517
2130
705
0
0
837
0
0
0
0
246
0
0
0
0
0
0
26
274
0
246
0
0
1510
0
0
412
0
453
376
0
28
1140
318
0
0
152
270
0
108
1430
482
0
1588
43
0
0
0
352
0
409
396
483
112
1066
0
0
1211
461
857
0
233
0
451
578
873
0
632
0
196
540
334
878
178
0
330
210
370
954
446
412
12
0
643
0
551
0
488
144
0
995
170
0
987
1069
145
0
0
657
0
16
447
0
209
519
0
0
0
0
489
1100
0
67
448
232
0
0
0
0
0
105
202
420
0
192
0
0
1958
0
0
342
377
0
339
855
1914
0
0
0
98
0
0
187
772
125
1063
0
0
1066
0
0
0
0
376
0
481
0
801
2070
64
0
0
1442
680
0
1270
0
34
0
0
532
963
447
366
0
307
226
796
426
0
949
0
43
774
1774
0
0
509
1126
0
246
0
541
452
0
229
2365
0
0
371
0
61
0
78
0
663
206
0
0
100
0
0
193
283
153
194
0
0
1256
0
0
0
0
0
0
0
129
408
0
1310
0
0
0
0
914
639
438
0
1189
939
0
28
1751
0
999
402
0
482
0
336
981
0
586
784
576
514
129
341
250
0
0
857
0
0
0
0
162
700
0
0
0
184
422
912
0
588
0
474
456
0
816
0
0
0
331
0
432
1320
125
0
0
1173
452
777
0
1296
0
297
91
810
0
0
421
15
336
457
0
0
0
0
186
0
182
309
0
231
0
0
0
179
0
0
677
1110
0
715
0
0
1984
0
199
1522
0
766
0
746
1041
220
459
110
305
0
1163
380
0
1259
0
0
0
0
443
698
109
0
0
1218
0
654
795
346
633
441
0
0
0
0
0
0
0
0
0
1057
0
113
137
341
674
0
0
1183
459
1005
0
767
477
778
319
732
0
449
0
152
0
1240
0
0
3
372
0
1577
0
0
752
52
0
0
0
271
578
0
0
64
0
0
0
0
0
98
0
607
0
1970
0
334
543
1452
0
800
120
0
0
0
455
340
0
0
953
747
399
302
646
0
475
0
484
310
283
0
698
226
0
0
0
1423
100
1036
853
657
110
109
0
0
98
54
0
136
0
213
200
0
0
0
0
0
18
0
363
766
0
0
0
0
607
0
394
0
0
0
1
0
1011
549
0
0
340
305
659
100
0
344
0
153
864
4
174
1803
0
0
0
0
2227
290
278
128
334
228
0
1521
163
1585
205
723
0
0
340
268
0
0
0
101
380
0
0
0
0
328
0
1384
0
301
0
0
0
0
2140
450
0
0
1019
336
100
7
198
0
0
265
481
796
995
137
0
0
0
105
0
147
1988
1074
18
956
0
198
0
53
447
0
2928
34
0
0
0
0
370
236
564
0
0
479
249
0
3501
831
0
0
0
52
206
0
0
370
935
78
0
1308
437
426
336
0
766
379
539
0
806
34
0
0
212
0
822
920
0
153
0
443
0
0
382
0
0
477
3474
318
685
929
621
0
61
0
89
0
0
54
0
0
0
670
297
141
1633
0
272
2894
334
0
44
1224
888
0
706
0
0
0
0
998
796
0
0
108
630
334
1333
0
23
0
454
779
0
313
0
98
0
0
95
248
0
0
7
0
622
0
0
0
125
0
0
249
471
0
1449
435
0
407
0
407
0
174
141
129
178
241
0
0
16
995
435
0
534
0
0
231
0
181
320
0
0
0
31
635
0
0
232
0
362
325
592
0
352
0
0
0
0
163
0
1577
815
1445
0
0
54
478
0
224
165
0
0
0
399
0
435
796
334
406
0
513
963
0
223
405
187
183
309
0
1795
1301
205
110
0
0
0
2242
1487
1066
0
221
867
200
371
0
0
145
274
1721
555
593
1038
1493
401
0
152
564
441
0
370
0
144
798
1063
0
414
57
83
0
1753
0
0
298
351
0
196
287
0
0
0
907
451
0
0
0
417
1324
0
0
1894
0
0
0
365
0
2060
0
0
0
194
307
0
449
0
0
405
0
210
0
0
700
399
0
699
344
0
0
305
365
0
482
0
202
0
0
14
275
421
1514
0
33
245
0
0
226
0
0
1442
0
0
0
198
0
1589
420
0
2275
0
1308
1386
67
341
1331
2441
0
0
874
0
64
682
799
269
11
0
566
336
490
2090
0
0
0
0
0
245
0
0
470
179
0
752
212
15
405
0
0
275
0
0
1020
824
0
298
847
974
370
61
0
466
0
540
3
0
10
0
113
0
700
206
0
0
219
0
199
221
0
133
0
459
589
0
0
663
0
0
450
0
227
12
688
0
0
0
0
298
0
713
0
328
0
0
680
1447
446
0
501
409
471
0
0
777
646
0
0
478
0
43
880
1077
0
136
469
0
327
847
0
0
0
161
0
0
224
0
0
664
494
0
1478
0
872
665
0
0
213
0
294
162
200
0
407
0
184
0
0
0
722
0
118
0
220
0
591
0
0
0
0
0
210
149
633
428
0
0
649
0
147
0
0
457
372
0
0
0
766
315
532
0
831
0
0
481
952
0
291
269
217
0
0
929
15
0
377
0
0
0
434
0
0
0
372
0
33
894
0
399
87
310
666
1217
3218
468
1627
0
0
212
0
202
0
0
0
2576
0
113
0
0
715
0
0
281
0
0
199
429
0
0
0
0
153
0
0
0
2276
859
0
7
210
696
1282
0
429
0
0
899
0
0
0
0
0
667
728
1164
0
0
1428
0
0
0
579
366
696
778
205
569
1067
0
0
0
344
461
450
195
0
0
0
29
210
0
1389
0
703
0
1841
121
95
533
0
0
0
1489
621
466
3123
0
1579
396
0
533
0
0
98
0
2
437
0
0
186
10
0
362
0
0
1081
1517
357
478
59
0
0
1143
900
1790
456
87
0
0
0
573
685
313
0
0
362
0
0
0
1708
0
0
0
0
0
772
0
0
0
912
943
0
0
931
0
0
65
251
112
160
0
0
0
95
145
182
0
674
2079
0
2002
0
1744
477
0
1702
0
26
474
0
438
0
112
716
65
0
0
0
0
202
384
463
471
30
421
0
0
0
120
0
0
452
0
0
516
684
537
0
87
734
197
300
0
0
479
0
0
248
0
67
88
276
478
0
1316
0
374
1455
13
224
249
676
0
1016
0
391
1125
53
373
0
285
0
57
0
0
447
701
384
366
192
0
854
319
0
0
0
961
0
0
0
290
76
743
0
418
447
0
595
0
0
0
684
0
0
0
118
0
0
396
1048
202
0
346
20
319
0
378
491
229
0
2497
179
0
1030
29
439
0
136
70
488
297
0
418
678
1211
0
0
0
226
0
189
0
0
2
0
444
0
0
83
399
0
274
287
0
756
1401
0
0
0
0
0
779
1026
114
0
514
0
1207
145
1081
0
169
1030
1810
0
888
1048
174
0
23
247
221
0
447
13
28
761
179
348
1260
0
865
842
0
0
1165
528
214
0
624
705
0
43
0
112
3317
15
67
0
141
374
767
0
506
65
0
248
25
271
2959
434
0
200
313
0
474
41
18
0
995
399
33
0
811
0
0
453
0
0
980
403
0
3816
478
113
334
0
1104
0
0
137
0
0
405
798
199
0
528
429
702
0
101
0
0
776
306
0
1363
0
194
647
0
405
0
0
147
0
481
0
932
0
141
298
210
0
902
594
54
0
486
0
189
0
482
335
1142
467
363
307
249
2467
344
77
3453
0
1406
356
7
189
0
0
0
0
0
144
98
641
0
0
60
0
678
0
0
370
702
1116
166
0
208
0
702
691
178
1160
0
1214
1448
337
0
643
1297
70
4
446
445
0
2975
661
775
165
0
288
484
650
305
90
569
0
0
147
640
0
0
0
0
0
0
0
0
210
0
520
157
297
0
1041
130
87
0
0
1506
739
0
217
0
298
212
528
0
1719
0
0
0
489
247
0
0
152
0
0
496
0
0
1359
1673
170
185
1726
272
0
622
192
0
0
1052
0
0
478
0
279
0
0
496
939
0
291
1191
14
0
0
0
0
1093
1566
0
322
0
82
38
0
0
0
0
422
852
0
0
695
0
0
196
407
1885
813
356
1401
195
588
0
424
1102
281
382
0
0
831
294
0
1136
0
0
2623
0
77
0
217
0
989
356
0
414
482
0
0
0
144
0
373
0
0
1258
0
13
2149
0
0
0
0
0
0
0
0
619
446
91
744
89
0
1104
434
1168
0
0
80
0
632
0
351
993
0
705
2
0
281
0
0
0
241
220
455
0
482
564
1
398
250
0
1346
0
2
232
0
0
137
0
0
0
561
0
0
0
0
0
0
0
0
0
283
0
300
0
1709
589
0
1628
371
728
591
18
2312
2330
432
152
0
332
376
103
0
1782
438
0
0
0
316
0
344
1307
336
41
310
0
0
406
0
0
0
0
624
429
455
568
477
101
1096
0
0
0
409
1747
0
568
0
1658
0
0
198
1489
1745
1294
0
83
1148
88
863
78
344
0
754
227
878
0
0
43
0
0
0
53
0
1285
274
2467
1326
424
0
326
0
1242
705
1022
1297
290
520
217
0
0
0
138
182
1544
407
524
728
209
355
0
0
0
342
756
0
1257
0
0
447
0
0
0
586
175
0
0
646
700
367
0
1408
417
0
409
452
294
0
0
1663
630
1030
0
0
0
85
0
200
906
988
1521
0
0
251
0
464
424
26
0
0
227
0
359
534
0
405
187
328
0
0
1479
0
212
0
502
0
30
434
0
0
0
157
0
0
391
377
0
406
0
0
0
0
60
52
0
0
0
302
0
568
0
319
226
0
0
241
0
1123
0
0
696
933
1057
815
0
0
0
0
0
417
406
0
0
987
0
0
1073
0
732
474
0
1299
790
0
1057
0
990
0
0
0
0
1689
0
1338
305
241
1068
0
0
0
344
0
484
11
0
0
1628
0
0
112
447
0
0
0
0
0
494
0
359
0
153
145
1340
1207
115
429
0
0
0
743
282
774
575
731
0
0
64
438
1
0
262
451
275
0
0
77
0
291
218
43
0
231
408
1240
187
0
714
9
1118
1485
0
1759
0
1724
0
0
91
0
424
157
125
1104
0
0
25
0
0
0
492
0
0
47
0
517
832
894
0
0
0
249
752
110
1350
245
0
1751
435
0
795
0
212
268
287
424
0
218
636
544
0
614
0
408
176
142
400
0
24
0
336
0
792
0
954
0
0
482
133
0
113
0
0
0
25
472
0
925
0
0
489
251
61
0
327
13
0
0
732
0
0
0
0
0
31
0
384
232
212
477
396
1548
640
645
0
489
0
814
734
209
0
454
1389
0
219
0
145
0
777
896
0
517
3
318
44
0
0
0
77
282
0
189
1
0
0
580
174
449
0
0
0
354
0
0
1638
0
313
0
780
477
2036
0
0
108
372
0
0
280
1211
403
362
0
0
650
0
275
0
0
800
0
691
899
0
478
0
269
365
0
196
878
307
1094
378
0
0
0
449
228
178
650
0
0
0
141
0
0
0
491
396
0
0
0
0
64
0
0
0
0
28
24
159
0
0
0
828
0
0
1760
0
0
0
0
443
0
113
1152
506
0
0
526
0
667
488
0
0
667
0
526
0
0
550
0
64
0
400
0
792
0
0
0
0
0
0
0
0
291
666
569
1298
0
277
280
220
0
0
334
0
0
0
0
283
0
0
396
0
80
1474
0
568
497
920
463
496
0
134
0
247
336
0
834
532
490
846
0
114
846
464
344
0
1325
454
0
0
1277
0
0
2194
0
0
0
1268
0
0
0
233
0
1608
0
0
0
0
0
0
0
87
0
0
108
147
0
453
539
0
491
161
0
302
60
0
950
2370
305
0
80
0
0
88
0
565
0
210
318
0
0
178
461
3512
144
412
508
0
0
0
0
396
398
0
0
0
1027
0
463
1257
0
0
1691
0
1224
334
0
0
0
0
0
316
0
407
0
170
0
0
0
0
0
0
190
766
262
520
1144
456
412
13
327
602
0
1082
305
0
0
0
1218
0
1516
0
0
43
0
376
0
0
0
684
114
894
0
0
74
77
194
2325
291
0
1111
808
545
187
0
0
2486
0
675
14
590
0
0
0
0
0
0
407
310
0
334
450
456
0
425
244
108
0
756
459
739
1423
1886
775
298
625
0
316
231
212
0
0
0
0
0
1270
0
1388
0
1240
0
328
0
212
705
472
0
0
118
0
0
125
113
731
2
2120
0
430
101
0
0
405
479
0
622
0
0
816
0
714
0
592
18
0
0
0
0
104
34
0
0
0
0
190
108
398
0
0
0
145
0
0
0
165
196
0
60
375
0
626
70
109
0
0
0
1057
334
161
0
0
0
490
0
0
0
411
0
64
0
0
0
894
406
629
108
621
342
260
0
174
249
987
34
0
0
668
1077
353
0
434
686
60
0
0
0
0
847
0
408
408
0
262
433
722
99
612
0
0
370
0
497
0
474
0
0
429
0
0
196
950
0
0
0
95
924
0
0
18
0
12
25
0
418
249
0
1617
60
319
0
452
675
952
483
248
0
0
30
478
0
1430
0
0
0
0
941
535
0
456
0
313
236
219
1032
473
10
0
334
0
897
287
443
1061
96
0
291
0
471
0
27
0
0
0
142
0
0
128
927
0
601
335
162
0
444
3
52
294
0
1949
0
149
703
0
0
144
0
676
0
0
12
434
742
1917
0
0
816
0
349
0
365
700
0
0
0
374
77
162
511
0
70
995
0
0
658
768
0
0
52
0
87
0
0
0
0
0
0
341
947
0
0
0
0
0
962
0
0
228
0
0
1034
484
0
206
67
0
0
779
171
371
0
0
0
0
0
0
100
0
11
0
1590
213
552
25
0
341
202
0
0
0
0
0
0
187
776
0
444
0
0
0
38
272
1153
0
120
1333
31
0
0
870
0
0
1140
0
0
0
334
0
750
136
663
409
1291
165
1032
449
0
0
377
466
0
0
0
0
467
0
0
1224
0
0
900
477
0
502
0
0
0
448
0
0
0
0
104
0
0
685
0
0
275
734
0
0
444
0
0
508
0
0
0
0
0
0
953
0
0
0
0
67
189
1418
313
24
0
0
143
0
0
0
405
277
0
688
0
0
0
0
0
0
896
334
0
407
0
229
0
0
9
629
0
283
0
0
366
0
0
429
0
339
2
287
288
120
539
940
18
103
0
314
0
0
655
695
0
0
0
0
0
184
649
483
4185
319
794
548
429
0
0
0
1063
0
0
302
398
39
145
0
822
0
0
1349
870
144
0
0
422
1447
478
670
0
0
456
220
0
0
944
146
0
137
0
0
0
100
313
249
366
0
0
189
0
98
420
0
0
1524
363
1226
1989
288
0
152
0
0
754
353
0
852
0
0
406
653
1017
0
134
447
872
0
0
0
1788
0
451
0
0
0
0
0
452
0
0
0
378
0
0
0
0
0
212
549
1065
0
0
0
0
2102
0
487
339
0
457
96
715
0
0
0
313
0
0
933
0
557
91
0
715
0
506
0
0
0
0
1692
455
0
202
0
0
1038
0
0
0
0
0
835
446
438
339
0
1448
0
0
0
467
0
337
0
907
0
504
0
2513
1116
0
911
517
0
0
0
0
938
0
0
417
337
0
0
180
0
196
0
344
104
0
0
478
161
280
0
0
0
0
0
378
0
0
0
0
0
1432
0
0
820
452
226
0
0
0
0
0
0
297
141
808
0
152
0
450
0
0
377
0
0
96
1906
0
0
475
0
25
434
50
217
0
236
202
0
0
64
0
739
0
454
157
0
202
0
0
0
0
484
0
878
0
1074
0
0
805
287
98
0
0
169
228
0
0
2366
294
34
88
149
415
271
0
666
130
0
0
390
424
0
399
1177
0
28
705
528
246
57
57
0
376
248
194
251
743
0
566
0
217
0
676
0
0
621
0
0
0
0
890
196
205
0
0
0
376
87
0
61
101
0
112
322
11
0
319
0
0
0
165
553
0
0
417
30
0
0
0
218
743
0
133
0
0
0
0
632
0
1701
0
190
0
0
0
0
0
285
95
0
0
1402
502
0
365
346
7
1338
810
608
434
0
54
0
200
914
0
375
0
504
0
89
1025
0
507
130
0
0
0
0
626
61
0
169
0
0
0
976
0
100
74
922
1089
1302
141
0
0
0
0
380
61
151
0
0
372
0
2124
0
0
78
0
57
0
269
516
494
0
226
0
491
263
940
700
80
593
23
0
375
772
425
0
263
421
402
489
0
0
15
1065
1038
0
450
626
337
0
0
157
1660
400
2042
0
0
221
0
218
468
296
714
0
0
104
0
1333
0
1685
0
705
0
417
78
0
0
0
77
0
1323
85
0
0
109
366
36
1341
178
846
926
796
0
0
0
1281
38
1168
0
0
0
0
491
0
0
894
0
1636
0
334
0
0
0
488
0
0
420
386
3092
443
1683
435
0
884
674
0
424
313
213
384
0
487
0
199
0
0
0
878
0
1423
0
104
0
0
161
365
449
407
0
1080
0
0
403
0
429
1328
0
311
0
87
0
420
129
1135
157
136
496
0
80
351
1239
0
291
0
0
403
269
65
64
61
0
774
0
1316
1431
0
0
0
459
1516
0
450
0
0
0
0
576
105
600
0
280
70
0
105
585
0
271
0
0
0
700
0
0
231
178
233
0
172
23
137
492
658
445
0
0
0
646
635
0
0
0
417
450
57
344
0
216
0
0
1315
406
1746
1616
113
0
0
0
0
585
847
1049
0
195
641
0
77
0
632
62
1938
0
619
0
0
0
0
0
0
0
0
0
728
0
209
0
432
61
0
477
0
229
0
797
810
641
0
589
528
53
0
0
305
1949
0
342
491
200
478
1065
169
0
0
0
1290
353
0
0
233
0
0
296
0
1213
685
7
0
0
849
0
226
0
236
657
0
0
0
796
246
0
0
0
83
0
443
0
23
141
645
0
65
169
0
0
0
747
1501
621
30
236
90
0
440
336
151
370
212
0
976
341
0
270
0
0
0
53
0
105
0
0
147
0
0
0
125
775
0
0
0
0
467
0
1075
0
0
365
1365
987
0
0
182
0
262
905
179
0
0
335
0
444
162
0
352
714
0
970
0
171
1758
327
114
0
605
0
302
280
326
0
0
0
685
0
0
275
105
0
713
941
591
104
396
0
0
436
157
743
23
0
87
815
0
0
399
0
502
0
0
309
0
0
407
0
0
670
262
0
0
120
585
0
0
0
558
0
0
601
523
0
466
0
149
356
0
0
0
248
141
446
0
0
0
1214
0
0
394
370
0
0
294
429
0
0
0
1137
41
2
18
87
3
568
0
133
0
691
1011
0
449
702
0
0
113
1282
0
0
178
0
0
477
917
728
0
0
0
0
151
0
0
0
0
450
0
0
0
319
0
1011
424
314
287
0
280
0
1567
0
357
0
0
38
0
194
352
0
18
0
28
33
0
348
372
0
0
0
0
57
746
0
0
0
0
373
0
439
555
162
796
336
0
326
0
0
491
656
0
0
0
612
171
363
1646
0
377
663
0
114
0
116
0
550
0
29
0
0
0
355
0
0
178
0
0
0
0
0
655
372
0
69
0
0
109
101
914
502
0
552
0
504
474
78
702
424
0
449
955
366
27
0
23
0
0
0
0
471
0
0
0
0
0
325
541
0
170
0
130
4
275
327
0
0
663
0
0
0
478
0
1102
641
351
365
61
0
808
0
0
0
0
0
11
1116
837
89
0
680
0
1715
169
1162
0
110
275
494
356
372
0
0
325
330
0
0
247
0
0
0
0
0
375
0
0
0
294
0
363
0
914
601
460
104
444
0
0
221
461
0
370
0
0
202
0
43
0
57
0
573
0
424
466
11
0
671
0
97
0
403
0
0
1032
0
0
716
57
196
0
0
0
0
15
100
96
1030
0
0
459
0
0
862
0
1057
70
0
142
0
0
0
3
0
0
0
732
339
1182
0
223
1073
1589
41
629
0
0
421
0
353
0
445
761
