2000 2000
2 1
3 2
4 3
5 4
6 5
7 6
8 7
9 2
10 3
11 4
12 5
13 6
14 7
15 8
16 9
17 10
18 11
19 12
20 13
21 14
22 15
23 16
24 17
25 18
26 19
27 20
28 21
29 22
30 23
31 24
32 25
33 26
34 27
35 28
36 29
37 30
38 31
39 32
40 33
41 34
42 35
43 36
44 37
45 38
46 39
47 40
48 41
49 42
50 43
51 44
52 45
53 46
54 47
55 48
56 49
57 50
58 51
59 52
60 53
61 54
62 55
63 56
64 57
65 58
66 59
67 60
68 61
69 62
70 63
71 64
72 65
73 66
74 67
75 68
76 69
77 70
78 71
79 72
80 73
81 74
82 75
83 76
84 77
85 78
86 79
87 80
88 81
89 82
90 83
91 84
92 85
93 86
94 87
95 88
96 89
97 90
98 91
99 92
100 93
101 94
102 95
103 96
104 97
105 98
106 99
107 100
108 101
109 102
110 103
111 104
112 105
113 106
114 107
115 108
116 109
117 110
118 111
119 112
120 113
121 114
122 115
123 116
124 117
125 118
126 119
127 120
128 121
129 122
130 123
131 124
132 125
133 126
134 127
135 128
136 129
137 130
138 131
139 132
140 133
141 134
142 135
143 136
144 137
145 138
146 139
147 140
148 141
149 142
150 143
151 144
152 145
153 146
154 147
155 148
156 149
157 150
158 151
159 152
160 153
161 154
162 155
163 156
164 157
165 158
166 159
167 160
168 161
169 162
170 163
171 164
172 165
173 166
174 167
175 168
176 169
177 170
178 171
179 172
180 173
181 174
182 175
183 176
184 177
185 178
186 179
187 180
188 181
189 182
190 183
191 184
192 185
193 186
194 187
195 188
196 189
197 190
198 191
199 192
200 193
201 194
202 195
203 196
204 197
205 198
206 199
207 200
208 201
209 202
210 203
211 204
212 205
213 206
214 207
215 208
216 209
217 210
218 211
219 212
220 213
221 214
222 215
223 216
224 217
225 218
226 219
227 220
228 221
229 222
230 223
231 224
232 225
233 226
234 227
235 228
236 229
237 230
238 231
239 232
240 233
241 234
242 235
243 236
244 237
245 238
246 239
247 240
248 241
249 242
250 243
251 244
252 245
253 246
254 247
255 248
256 249
257 250
258 251
259 252
260 253
261 254
262 255
263 256
264 257
265 258
266 259
267 260
268 261
269 262
270 263
271 264
272 265
273 266
274 267
275 268
276 269
277 270
278 271
279 272
280 273
281 274
282 275
283 276
284 277
285 278
286 279
287 280
288 281
289 282
290 283
291 284
292 285
293 286
294 287
295 288
296 289
297 290
298 291
299 292
300 293
301 294
302 295
303 296
304 297
305 298
306 299
307 300
308 301
309 302
310 303
311 304
312 305
313 306
314 307
315 308
316 309
317 310
318 311
319 312
320 313
321 314
322 315
323 316
324 317
325 318
326 319
327 320
328 321
329 322
330 323
331 324
332 325
333 326
334 327
335 328
336 329
337 330
338 331
339 332
340 333
341 334
342 335
343 336
344 337
345 338
346 339
347 340
348 341
349 342
350 343
351 344
352 345
353 346
354 347
355 348
356 349
357 350
358 351
359 352
360 353
361 354
362 355
363 356
364 357
365 358
366 359
367 360
368 361
369 362
370 363
371 364
372 365
373 366
374 367
375 368
376 369
377 370
378 371
379 372
380 373
381 374
382 375
383 376
384 377
385 378
386 379
387 380
388 381
389 382
390 383
391 384
392 385
393 386
394 387
395 388
396 389
397 390
398 391
399 392
400 393
401 394
402 395
403 396
404 397
405 398
406 399
407 400
408 401
409 402
410 403
411 404
412 405
413 406
414 407
415 408
416 409
417 410
418 411
419 412
420 413
421 414
422 415
423 416
424 417
425 418
426 419
427 420
428 421
429 422
430 423
431 424
432 425
433 426
434 427
435 428
436 429
437 430
438 431
439 432
440 433
441 434
442 435
443 436
444 437
445 438
446 439
447 440
448 441
449 442
450 443
451 444
452 445
453 446
454 447
455 448
456 449
457 450
458 451
459 452
460 453
461 454
462 455
463 456
464 457
465 458
466 459
467 460
468 461
469 462
470 463
471 464
472 465
473 466
474 467
475 468
476 469
477 470
478 471
479 472
480 473
481 474
482 475
483 476
484 477
485 478
486 479
487 480
488 481
489 482
490 483
491 484
492 485
493 486
494 487
495 488
496 489
497 490
498 491
499 492
500 493
501 494
502 495
503 496
504 497
505 498
506 499
507 500
508 501
509 502
510 503
511 504
512 505
513 506
514 507
515 508
516 509
517 510
518 511
519 512
520 513
521 514
522 515
523 516
524 517
525 518
526 519
527 520
528 521
529 522
530 523
531 524
532 525
533 526
534 527
535 528
536 529
537 530
538 531
539 532
540 533
541 534
542 535
543 536
544 537
545 538
546 539
547 540
548 541
549 542
550 543
551 544
552 545
553 546
554 547
555 548
556 549
557 550
558 551
559 552
560 553
561 554
562 555
563 556
564 557
565 558
566 559
567 560
568 561
569 562
570 563
571 564
572 565
573 566
574 567
575 568
576 569
577 570
578 571
579 572
580 573
581 574
582 575
583 576
584 577
585 578
586 579
587 580
588 581
589 582
590 583
591 584
592 585
593 586
594 587
595 588
596 589
597 590
598 591
599 592
600 593
601 594
602 595
603 596
604 597
605 598
606 599
607 600
608 601
609 602
610 603
611 604
612 605
613 606
614 607
615 608
616 609
617 610
618 611
619 612
620 613
621 614
622 615
623 616
624 617
625 618
626 619
627 620
628 621
629 622
630 623
631 624
632 625
633 626
634 627
635 628
636 629
637 630
638 631
639 632
640 633
641 634
642 635
643 636
644 637
645 638
646 639
647 640
648 641
649 642
650 643
651 644
652 645
653 646
654 647
655 648
656 649
657 650
658 651
659 652
660 653
661 654
662 655
663 656
664 657
665 658
666 659
667 660
668 661
669 662
670 663
671 664
672 665
673 666
674 667
675 668
676 669
677 670
678 671
679 672
680 673
681 674
682 675
683 676
684 677
685 678
686 679
687 680
688 681
689 682
690 683
691 684
692 685
693 686
694 687
695 688
696 689
697 690
698 691
699 692
700 693
701 694
702 695
703 696
704 697
705 698
706 699
707 700
708 701
709 702
710 703
711 704
712 705
713 706
714 707
715 708
716 709
717 710
718 711
719 712
720 713
721 714
722 715
723 716
724 717
725 718
726 719
727 720
728 721
729 722
730 723
731 724
732 725
733 726
734 727
735 728
736 729
737 730
738 731
739 732
740 733
741 734
742 735
743 736
744 737
745 738
746 739
747 740
748 741
749 742
750 743
751 744
752 745
753 746
754 747
755 748
756 749
757 750
758 751
759 752
760 753
761 754
762 755
763 756
764 757
765 758
766 759
767 760
768 761
769 762
770 763
771 764
772 765
773 766
774 767
775 768
776 769
777 770
778 771
779 772
780 773
781 774
782 775
783 776
784 777
785 778
786 779
787 780
788 781
789 782
790 783
791 784
792 785
793 786
794 787
795 788
796 789
797 790
798 791
799 792
800 793
801 794
802 795
803 796
804 797
805 798
806 799
807 800
808 801
809 802
810 803
811 804
812 805
813 806
814 807
815 808
816 809
817 810
818 811
819 812
820 813
821 814
822 815
823 816
824 817
825 818
826 819
827 820
828 821
829 822
830 823
831 824
832 825
833 826
834 827
835 828
836 829
837 830
838 831
839 832
840 833
841 834
842 835
843 836
844 837
845 838
846 839
847 840
848 841
849 842
850 843
851 844
852 845
853 846
854 847
855 848
856 849
857 850
858 851
859 852
860 853
861 854
862 855
863 856
864 857
865 858
866 859
867 860
868 861
869 862
870 863
871 864
872 865
873 866
874 867
875 868
876 869
877 870
878 871
879 872
880 873
881 874
882 875
883 876
884 877
885 878
886 879
887 880
888 881
889 882
890 883
891 884
892 885
893 886
894 887
895 888
896 889
897 890
898 891
899 892
900 893
901 894
902 895
903 896
904 897
905 898
906 899
907 900
908 901
909 902
910 903
911 904
912 905
913 906
914 907
915 908
916 909
917 910
918 911
919 912
920 913
921 914
922 915
923 916
924 917
925 918
926 919
927 920
928 921
929 922
930 923
931 924
932 925
933 926
934 927
935 928
936 929
937 930
938 931
939 932
940 933
941 934
942 935
943 936
944 937
945 938
946 939
947 940
948 941
949 942
950 943
951 944
952 945
953 946
954 947
955 948
956 949
957 950
958 951
959 952
960 953
961 954
962 955
963 956
964 957
965 958
966 959
967 960
968 961
969 962
970 963
971 964
972 965
973 966
974 967
975 968
976 969
977 970
978 971
979 972
980 973
981 974
982 975
983 976
984 977
985 978
986 979
987 980
988 981
989 982
990 983
991 984
992 985
993 986
994 987
995 988
996 989
997 990
998 991
999 992
1000 993
1001 994
1002 995
1003 996
1004 997
1005 998
1006 999
1007 1000
1008 1001
1009 1002
1010 1003
1011 1004
1012 1005
1013 1006
1014 1007
1015 1008
1016 1009
1017 1010
1018 1011
1019 1012
1020 1013
1021 1014
1022 1015
1023 1016
1024 1017
1025 1018
1026 1019
1027 1020
1028 1021
1029 1022
1030 1023
1031 1024
1032 1025
1033 1026
1034 1027
1035 1028
1036 1029
1037 1030
1038 1031
1039 1032
1040 1033
1041 1034
1042 1035
1043 1036
1044 1037
1045 1038
1046 1039
1047 1040
1048 1041
1049 1042
1050 1043
1051 1044
1052 1045
1053 1046
1054 1047
1055 1048
1056 1049
1057 1050
1058 1051
1059 1052
1060 1053
1061 1054
1062 1055
1063 1056
1064 1057
1065 1058
1066 1059
1067 1060
1068 1061
1069 1062
1070 1063
1071 1064
1072 1065
1073 1066
1074 1067
1075 1068
1076 1069
1077 1070
1078 1071
1079 1072
1080 1073
1081 1074
1082 1075
1083 1076
1084 1077
1085 1078
1086 1079
1087 1080
1088 1081
1089 1082
1090 1083
1091 1084
1092 1085
1093 1086
1094 1087
1095 1088
1096 1089
1097 1090
1098 1091
1099 1092
1100 1093
1101 1094
1102 1095
1103 1096
1104 1097
1105 1098
1106 1099
1107 1100
1108 1101
1109 1102
1110 1103
1111 1104
1112 1105
1113 1106
1114 1107
1115 1108
1116 1109
1117 1110
1118 1111
1119 1112
1120 1113
1121 1114
1122 1115
1123 1116
1124 1117
1125 1118
1126 1119
1127 1120
1128 1121
1129 1122
1130 1123
1131 1124
1132 1125
1133 1126
1134 1127
1135 1128
1136 1129
1137 1130
1138 1131
1139 1132
1140 1133
1141 1134
1142 1135
1143 1136
1144 1137
1145 1138
1146 1139
1147 1140
1148 1141
1149 1142
1150 1143
1151 1144
1152 1145
1153 1146
1154 1147
1155 1148
1156 1149
1157 1150
1158 1151
1159 1152
1160 1153
1161 1154
1162 1155
1163 1156
1164 1157
1165 1158
1166 1159
1167 1160
1168 1161
1169 1162
1170 1163
1171 1164
1172 1165
1173 1166
1174 1167
1175 1168
1176 1169
1177 1170
1178 1171
1179 1172
1180 1173
1181 1174
1182 1175
1183 1176
1184 1177
1185 1178
1186 1179
1187 1180
1188 1181
1189 1182
1190 1183
1191 1184
1192 1185
1193 1186
1194 1187
1195 1188
1196 1189
1197 1190
1198 1191
1199 1192
1200 1193
1201 1194
1202 1195
1203 1196
1204 1197
1205 1198
1206 1199
1207 1200
1208 1201
1209 1202
1210 1203
1211 1204
1212 1205
1213 1206
1214 1207
1215 1208
1216 1209
1217 1210
1218 1211
1219 1212
1220 1213
1221 1214
1222 1215
1223 1216
1224 1217
1225 1218
1226 1219
1227 1220
1228 1221
1229 1222
1230 1223
1231 1224
1232 1225
1233 1226
1234 1227
1235 1228
1236 1229
1237 1230
1238 1231
1239 1232
1240 1233
1241 1234
1242 1235
1243 1236
1244 1237
1245 1238
1246 1239
1247 1240
1248 1241
1249 1242
1250 1243
1251 1244
1252 1245
1253 1246
1254 1247
1255 1248
1256 1249
1257 1250
1258 1251
1259 1252
1260 1253
1261 1254
1262 1255
1263 1256
1264 1257
1265 1258
1266 1259
1267 1260
1268 1261
1269 1262
1270 1263
1271 1264
1272 1265
1273 1266
1274 1267
1275 1268
1276 1269
1277 1270
1278 1271
1279 1272
1280 1273
1281 1274
1282 1275
1283 1276
1284 1277
1285 1278
1286 1279
1287 1280
1288 1281
1289 1282
1290 1283
1291 1284
1292 1285
1293 1286
1294 1287
1295 1288
1296 1289
1297 1290
1298 1291
1299 1292
1300 1293
1301 1294
1302 1295
1303 1296
1304 1297
1305 1298
1306 1299
1307 1300
1308 1301
1309 1302
1310 1303
1311 1304
1312 1305
1313 1306
1314 1307
1315 1308
1316 1309
1317 1310
1318 1311
1319 1312
1320 1313
1321 1314
1322 1315
1323 1316
1324 1317
1325 1318
1326 1319
1327 1320
1328 1321
1329 1322
1330 1323
1331 1324
1332 1325
1333 1326
1334 1327
1335 1328
1336 1329
1337 1330
1338 1331
1339 1332
1340 1333
1341 1334
1342 1335
1343 1336
1344 1337
1345 1338
1346 1339
1347 1340
1348 1341
1349 1342
1350 1343
1351 1344
1352 1345
1353 1346
1354 1347
1355 1348
1356 1349
1357 1350
1358 1351
1359 1352
1360 1353
1361 1354
1362 1355
1363 1356
1364 1357
1365 1358
1366 1359
1367 1360
1368 1361
1369 1362
1370 1363
1371 1364
1372 1365
1373 1366
1374 1367
1375 1368
1376 1369
1377 1370
1378 1371
1379 1372
1380 1373
1381 1374
1382 1375
1383 1376
1384 1377
1385 1378
1386 1379
1387 1380
1388 1381
1389 1382
1390 1383
1391 1384
1392 1385
1393 1386
1394 1387
1395 1388
1396 1389
1397 1390
1398 1391
1399 1392
1400 1393
1401 1394
1402 1395
1403 1396
1404 1397
1405 1398
1406 1399
1407 1400
1408 1401
1409 1402
1410 1403
1411 1404
1412 1405
1413 1406
1414 1407
1415 1408
1416 1409
1417 1410
1418 1411
1419 1412
1420 1413
1421 1414
1422 1415
1423 1416
1424 1417
1425 1418
1426 1419
1427 1420
1428 1421
1429 1422
1430 1423
1431 1424
1432 1425
1433 1426
1434 1427
1435 1428
1436 1429
1437 1430
1438 1431
1439 1432
1440 1433
1441 1434
1442 1435
1443 1436
1444 1437
1445 1438
1446 1439
1447 1440
1448 1441
1449 1442
1450 1443
1451 1444
1452 1445
1453 1446
1454 1447
1455 1448
1456 1449
1457 1450
1458 1451
1459 1452
1460 1453
1461 1454
1462 1455
1463 1456
1464 1457
1465 1458
1466 1459
1467 1460
1468 1461
1469 1462
1470 1463
1471 1464
1472 1465
1473 1466
1474 1467
1475 1468
1476 1469
1477 1470
1478 1471
1479 1472
1480 1473
1481 1474
1482 1475
1483 1476
1484 1477
1485 1478
1486 1479
1487 1480
1488 1481
1489 1482
1490 1483
1491 1484
1492 1485
1493 1486
1494 1487
1495 1488
1496 1489
1497 1490
1498 1491
1499 1492
1500 1493
1501 1494
1502 1495
1503 1496
1504 1497
1505 1498
1506 1499
1507 1500
1508 1501
1509 1502
1510 1503
1511 1504
1512 1505
1513 1506
1514 1507
1515 1508
1516 1509
1517 1510
1518 1511
1519 1512
1520 1513
1521 1514
1522 1515
1523 1516
1524 1517
1525 1518
1526 1519
1527 1520
1528 1521
1529 1522
1530 1523
1531 1524
1532 1525
1533 1526
1534 1527
1535 1528
1536 1529
1537 1530
1538 1531
1539 1532
1540 1533
1541 1534
1542 1535
1543 1536
1544 1537
1545 1538
1546 1539
1547 1540
1548 1541
1549 1542
1550 1543
1551 1544
1552 1545
1553 1546
1554 1547
1555 1548
1556 1549
1557 1550
1558 1551
1559 1552
1560 1553
1561 1554
1562 1555
1563 1556
1564 1557
1565 1558
1566 1559
1567 1560
1568 1561
1569 1562
1570 1563
1571 1564
1572 1565
1573 1566
1574 1567
1575 1568
1576 1569
1577 1570
1578 1571
1579 1572
1580 1573
1581 1574
1582 1575
1583 1576
1584 1577
1585 1578
1586 1579
1587 1580
1588 1581
1589 1582
1590 1583
1591 1584
1592 1585
1593 1586
1594 1587
1595 1588
1596 1589
1597 1590
1598 1591
1599 1592
1600 1593
1601 1594
1602 1595
1603 1596
1604 1597
1605 1598
1606 1599
1607 1600
1608 1601
1609 1602
1610 1603
1611 1604
1612 1605
1613 1606
1614 1607
1615 1608
1616 1609
1617 1610
1618 1611
1619 1612
1620 1613
1621 1614
1622 1615
1623 1616
1624 1617
1625 1618
1626 1619
1627 1620
1628 1621
1629 1622
1630 1623
1631 1624
1632 1625
1633 1626
1634 1627
1635 1628
1636 1629
1637 1630
1638 1631
1639 1632
1640 1633
1641 1634
1642 1635
1643 1636
1644 1637
1645 1638
1646 1639
1647 1640
1648 1641
1649 1642
1650 1643
1651 1644
1652 1645
1653 1646
1654 1647
1655 1648
1656 1649
1657 1650
1658 1651
1659 1652
1660 1653
1661 1654
1662 1655
1663 1656
1664 1657
1665 1658
1666 1659
1667 1660
1668 1661
1669 1662
1670 1663
1671 1664
1672 1665
1673 1666
1674 1667
1675 1668
1676 1669
1677 1670
1678 1671
1679 1672
1680 1673
1681 1674
1682 1675
1683 1676
1684 1677
1685 1678
1686 1679
1687 1680
1688 1681
1689 1682
1690 1683
1691 1684
1692 1685
1693 1686
1694 1687
1695 1688
1696 1689
1697 1690
1698 1691
1699 1692
1700 1693
1701 1694
1702 1695
1703 1696
1704 1697
1705 1698
1706 1699
1707 1700
1708 1701
1709 1702
1710 1703
1711 1704
1712 1705
1713 1706
1714 1707
1715 1708
1716 1709
1717 1710
1718 1711
1719 1712
1720 1713
1721 1714
1722 1715
1723 1716
1724 1717
1725 1718
1726 1719
1727 1720
1728 1721
1729 1722
1730 1723
1731 1724
1732 1725
1733 1726
1734 1727
1735 1728
1736 1729
1737 1730
1738 1731
1739 1732
1740 1733
1741 1734
1742 1735
1743 1736
1744 1737
1745 1738
1746 1739
1747 1740
1748 1741
1749 1742
1750 1743
1751 1744
1752 1745
1753 1746
1754 1747
1755 1748
1756 1749
1757 1750
1758 1751
1759 1752
1760 1753
1761 1754
1762 1755
1763 1756
1764 1757
1765 1758
1766 1759
1767 1760
1768 1761
1769 1762
1770 1763
1771 1764
1772 1765
1773 1766
1774 1767
1775 1768
1776 1769
1777 1770
1778 1771
1779 1772
1780 1773
1781 1774
1782 1775
1783 1776
1784 1777
1785 1778
1786 1779
1787 1780
1788 1781
1789 1782
1790 1783
1791 1784
1792 1785
1793 1786
1794 1787
1795 1788
1796 1789
1797 1790
1798 1791
1799 1792
1800 1793
1801 1794
1802 1795
1803 1796
1804 1797
1805 1798
1806 1799
1807 1800
1808 1801
1809 1802
1810 1803
1811 1804
1812 1805
1813 1806
1814 1807
1815 1808
1816 1809
1817 1810
1818 1811
1819 1812
1820 1813
1821 1814
1822 1815
1823 1816
1824 1817
1825 1818
1826 1819
1827 1820
1828 1821
1829 1822
1830 1823
1831 1824
1832 1825
1833 1826
1834 1827
1835 1828
1836 1829
1837 1830
1838 1831
1839 1832
1840 1833
1841 1834
1842 1835
1843 1836
1844 1837
1845 1838
1846 1839
1847 1840
1848 1841
1849 1842
1850 1843
1851 1844
1852 1845
1853 1846
1854 1847
1855 1848
1856 1849
1857 1850
1858 1851
1859 1852
1860 1853
1861 1854
1862 1855
1863 1856
1864 1857
1865 1858
1866 1859
1867 1860
1868 1861
1869 1862
1870 1863
1871 1864
1872 1865
1873 1866
1874 1867
1875 1868
1876 1869
1877 1870
1878 1871
1879 1872
1880 1873
1881 1874
1882 1875
1883 1876
1884 1877
1885 1878
1886 1879
1887 1880
1888 1881
1889 1882
1890 1883
1891 1884
1892 1885
1893 1886
1894 1887
1895 1888
1896 1889
1897 1890
1898 1891
1899 1892
1900 1893
1901 1894
1902 1895
1903 1896
1904 1897
1905 1898
1906 1899
1907 1900
1908 1901
1909 1902
1910 1903
1911 1904
1912 1905
1913 1906
1914 1907
1915 1908
1916 1909
1917 1910
1918 1911
1919 1912
1920 1913
1921 1914
1922 1915
1923 1916
1924 1917
1925 1918
1926 1919
1927 1920
1928 1921
1929 1922
1930 1923
1931 1924
1932 1925
1933 1926
1934 1927
1935 1928
1936 1929
1937 1930
1938 1931
1939 1932
1940 1933
1941 1934
1942 1935
1943 1936
1944 1937
1945 1938
1946 1939
1947 1940
1948 1941
1949 1942
1950 1943
1951 1944
1952 1945
1953 1946
1954 1947
1955 1948
1956 1949
1957 1950
1958 1951
1959 1952
1960 1953
1961 1954
1962 1955
1963 1956
1964 1957
1965 1958
1966 1959
1967 1960
1968 1961
1969 1962
1970 1963
1971 1964
1972 1965
1973 1966
1974 1967
1975 1968
1976 1969
1977 1970
1978 1971
1979 1972
1980 1973
1981 1974
1982 1975
1983 1976
1984 1977
1985 1978
1986 1979
1987 1980
1988 1981
1989 1982
1990 1983
1991 1984
1992 1985
1993 1986
1994 1987
1995 1988
1996 1989
1997 1990
1998 1991
1999 1992
2000 1993
/ 506 847
+ 1314 1858 1124
- 2 9 1997 2
- 4 11 1999 1
- 3 10 1998 4
* 1540 796 570
* 379 1468 1601
+ 903 1318 492
/ 757 1302
/ 287 1866
+ 445 441 4729
- 7 14 1995 3
/ 1498 354
* 966 1307 4683
- 5 12 2000 7
/ 1709 716
/ 150 1797
- 3 1995 14 5
/ 229 1842
* 1194 1501 2034
/ 125 915
- 5 14 1995 3
- 6 13 1994 5
+ 1238 236 3793
* 429 144 1011
/ 1530 777
/ 444 1764
+ 539 607 1840
/ 819 1129
/ 1370 1918
+ 997 1325 2743
* 184 491 499
/ 726 1645
* 1506 140 2954
* 1670 83 3542
/ 198 1508
- 2 1997 9 6
/ 341 1423
- 7 2000 12 2
/ 1445 627
* 1466 709 3416
* 1259 925 2637
* 1625 601 2036
/ 1900 1380
* 1469 72 973
- 4 1998 10 7
- 8 15 1996 4
* 1085 1341 2090
/ 1377 1543
/ 1108 1446
/ 1180 419
- 2 12 2000 8
- 3 1995 14 2
+ 1905 1812 3940
- 4 1996 15 3
* 1270 1397 4081
* 85 1293 1972
/ 1851 1626
+ 1223 641 1042
* 714 299 1190
/ 591 210
+ 820 1337 2732
- 7 10 1998 4
/ 143 1580
/ 1994 1206
+ 1568 505 613
+ 755 1327 4259
/ 203 1203
* 785 843 868
/ 1190 873
/ 1959 499
/ 809 1304
+ 134 1649 2890
* 1568 1747 368
+ 501 47 3788
+ 250 991 3303
+ 1364 498 253
/ 1687 1126
/ 1997 1189
+ 1730 1437 2460
* 1922 461 1304
/ 28 51
/ 1557 903
* 1698 700 1043
- 6 9 1997 7
- 7 1997 9 6
+ 965 430 343
- 2 14 1995 7
/ 1796 744
/ 830 391
* 1341 1542 569
* 233 262 1042
/ 1118 24
+ 82 310 3190
+ 997 368 4677
* 691 1627 4524
+ 1615 1169 3205
* 313 1387 100
* 727 995 4916
/ 1579 947
* 648 971 4051
/ 1632 594
+ 628 1313 1886
* 356 1513 90
/ 1480 1611
+ 190 275 1355
+ 621 1434 3987
/ 339 567
* 1285 857 417
* 261 238 2205
- 6 9 1997 2
+ 484 608 478
+ 1315 472 729
/ 1460 1619
* 26 1389 3074
+ 158 1682 3493
* 271 700 3417
- 8 2000 12 8
* 1391 293 791
+ 1116 158 3574
- 4 1998 10 6
* 1326 1082 2516
/ 1003 232
- 8 12 2000 4
/ 1380 978
+ 1537 1905 4176
- 2 1997 9 8
/ 1561 1819
+ 564 50 1244
- 5 1994 13 2
+ 919 806 1882
* 983 718 4030
+ 1575 127 1593
* 254 544 3074
* 714 180 3377
* 1776 1089 2919
* 733 295 1017
* 236 1138 691
+ 1944 574 1328
+ 1292 19 2217
/ 964 1056
* 1859 131 4904
- 1 1999 11 5
* 1869 1486 4006
- 4 2000 12 4
+ 866 1561 4036
- 8 9 1997 1
* 985 428 4234
/ 1284 1399
* 1064 348 1950
* 574 60 2522
- 4 12 2000 8
* 1641 279 4159
* 1263 1684 1041
/ 1724 325
/ 1123 155
- 1 1997 9 4
+ 1704 1934 907
- 4 9 1997 1
- 5 11 1999 4
* 1017 225 3109
- 3 15 1996 5
* 68 1148 223
- 7 1995 14 3
* 1351 1132 3813
+ 1495 1182 1081
- 5 1996 15 5
/ 723 893
- 4 1999 11 7
- 6 10 1998 4
- 4 1998 10 6
+ 1087 286 930
* 584 1315 1476
/ 1821 1893
+ 1529 840 2525
* 1137 1619 2643
+ 929 583 1621
* 1956 889 4225
- 5 15 1996 4
+ 1828 1127 1269
- 3 14 1995 5
+ 578 1891 3976
- 4 1996 15 3
+ 642 736 4368
* 185 1196 1776
+ 1267 1429 3954
/ 309 1594
* 198 556 4672
* 446 1001 2325
+ 284 413 1127
* 1422 1335 2439
* 422 160 4985
+ 1355 1762 3762
/ 1542 1853
* 1663 1483 399
+ 1155 1174 4015
* 1852 365 4790
- 3 15 1996 4
- 1 1997 9 3
+ 1362 1084 1351
/ 1301 507
* 668 1365 1489
/ 155 105
- 8 2000 12 8
/ 761 650
* 466 315 2326
* 184 40 1969
- 5 1995 14 5
/ 1736 549
- 6 10 1998 6
/ 157 961
+ 824 1287 3171
* 1678 141 3245
+ 762 1991 323
* 101 1955 1075
/ 43 660
- 2 13 1994 1
+ 344 1305 1956
+ 476 1667 3011
- 8 12 2000 2
- 4 1996 15 8
* 126 1934 1797
/ 1419 1142
+ 1727 981 393
+ 1949 306 30
+ 1560 899 2160
* 425 281 1641
* 1011 1481 2726
- 1 1994 13 4
* 221 1906 2690
+ 1392 1639 3270
+ 1668 1830 2671
/ 744 1096
- 4 13 1994 1
+ 31 434 4663
- 1 1994 13 4
* 87 1516 1349
- 8 15 1996 1
+ 1644 1520 1742
* 245 1125 139
- 6 1998 10 8
- 8 10 1998 8
- 4 13 1994 6
- 8 1998 10 4
- 1 1996 15 8
- 8 15 1996 8
/ 507 1108
/ 1418 1665
+ 821 481 4166
* 355 438 2933
/ 318 313
- 3 9 1997 1
* 1172 296 3569
- 1 1997 9 3
- 3 9 1997 1
+ 214 500 3370
* 1569 1116 1141
* 640 438 4263
* 1591 1940 1202
+ 1632 1129 3257
/ 572 347
- 5 14 1995 3
* 1726 357 952
+ 1473 1447 3339
- 3 1995 14 3
/ 597 1331
- 7 11 1999 5
/ 280 1991
+ 636 1296 1598
- 1 1997 9 7
/ 1493 1610
/ 441 940
- 3 14 1995 1
- 4 10 1998 4
- 5 1999 11 5
/ 428 1495
- 1 1995 14 3
/ 1395 1321
/ 99 487
* 753 464 4098
- 5 11 1999 1
* 854 967 4797
/ 548 273
/ 1087 1160
+ 1901 554 1197
/ 1004 36
- 7 9 1997 5
+ 785 429 1797
- 6 1994 13 7
+ 409 330 3349
+ 1880 635 4316
* 586 776 2765
* 1931 627 2892
/ 630 1570
/ 1410 1516
- 3 14 1995 6
* 630 764 100
/ 1398 1417
- 8 1996 15 3
- 2 2000 12 8
/ 535 1808
* 835 1597 815
/ 697 325
* 466 1452 4716
+ 1344 1038 4187
+ 603 1361 4088
- 6 1995 14 2
* 1871 164 2466
- 7 13 1994 7
+ 1340 881 2494
+ 1214 855 1382
/ 1476 324
* 752 952 873
- 7 1994 13 6
* 1465 770 3346
- 4 1998 10 4
+ 1440 1282 1620
* 372 1372 3418
/ 535 1884
/ 1568 698
/ 68 1675
- 2 14 1995 7
/ 148 1630
+ 336 423 2140
/ 1044 256
- 5 1997 9 2
/ 1288 984
/ 722 998
+ 1128 1879 2728
+ 1171 1228 2798
/ 1564 1222
/ 1884 268
- 6 13 1994 5
/ 1896 1199
/ 969 377
+ 174 1255 4673
+ 482 1824 1929
/ 1045 1943
/ 13 210
- 7 1995 14 6
+ 1639 1172 3413
* 1900 1485 2755
+ 1091 781 1071
- 4 10 1998 7
- 7 1998 10 4
/ 627 615
+ 1938 866 3748
+ 621 1410 3863
/ 1833 787
/ 1834 1459
/ 128 411
/ 632 570
/ 342 1447
* 1459 11 4901
+ 990 1868 2490
* 733 239 699
+ 1 1563 457
/ 349 18
- 3 15 1996 3
+ 393 1281 3542
* 534 1708 743
/ 551 1022
+ 789 1721 190
/ 1635 1326
- 5 1994 13 7
* 539 1143 1492
* 423 35 2685
/ 95 1781
/ 645 803
+ 1785 523 1087
+ 158 1736 3602
/ 549 987
* 841 1052 512
/ 1590 1655
/ 873 429
* 558 577 2337
+ 1221 1140 3694
+ 15 783 282
- 6 14 1995 5
* 351 1237 2710
/ 1243 159
/ 24 642
+ 112 1570 1410
/ 791 1903
- 1 1999 11 6
- 5 1995 14 1
+ 162 537 127
* 1000 1698 3316
/ 840 1571
- 7 13 1994 5
+ 38 947 4719
- 1 14 1995 7
- 4 10 1998 1
+ 677 1935 4169
- 5 1994 13 4
/ 862 997
* 402 1070 3428
/ 53 583
+ 1683 1434 3502
+ 1124 950 1790
- 1 1998 10 5
+ 1800 529 589
+ 1877 1564 3766
* 985 760 2036
/ 385 1072
+ 1239 701 4684
- 4 13 1994 4
/ 1879 265
- 8 12 2000 1
+ 1737 1143 2034
/ 566 1596
* 1266 633 1249
- 7 1995 14 8
* 228 15 1796
+ 959 431 1554
+ 1408 660 4927
- 8 14 1995 7
- 3 1996 15 8
/ 1552 857
* 1700 642 3069
+ 1196 1890 2854
+ 1737 9 2682
/ 727 296
+ 1415 1188 3364
+ 252 1725 210
/ 1739 1194
* 627 402 2945
+ 1395 1048 2795
* 785 804 3860
/ 1883 156
+ 1649 1696 290
+ 1947 1367 4067
- 5 10 1998 3
- 8 15 1996 8
- 2 9 1997 5
* 1950 1561 1901
/ 665 1044
/ 1956 1812
+ 1543 1257 3640
/ 1860 1137
* 1511 1429 3846
+ 876 1295 1924
/ 1251 126
+ 1254 320 4071
- 3 1998 10 2
+ 747 1787 3370
* 1646 859 3852
/ 287 1699
+ 1514 1345 4730
+ 948 208 658
/ 879 730
- 5 1997 9 5
/ 309 1441
* 1903 1087 4485
* 947 1124 804
- 7 1995 14 3
- 3 14 1995 7
- 6 11 1999 3
/ 1808 658
+ 912 1295 2630
/ 1058 79
+ 1127 1079 760
/ 187 1142
/ 826 883
+ 1640 1834 848
* 1445 624 55
* 1486 1284 644
* 1413 556 4893
* 301 1951 1120
+ 1429 551 1549
/ 738 1043
+ 1915 1925 3458
* 110 659 3264
* 1282 1320 4216
* 261 500 4763
* 264 1319 399
+ 1971 702 3777
- 8 1996 15 6
- 2 10 1998 2
- 3 1999 11 8
/ 1108 97
+ 1219 226 3441
- 2 1998 10 3
* 83 338 3053
- 3 10 1998 2
/ 36 1024
- 2 1998 10 3
- 6 15 1996 2
/ 389 162
* 739 1842 3102
- 5 9 1997 6
- 8 11 1999 5
+ 436 848 3454
* 745 111 4702
+ 433 1452 1886
- 6 1997 9 8
* 1273 44 2986
/ 1320 1193
* 677 1658 3253
- 8 9 1997 8
/ 596 233
- 2 1996 15 6
/ 425 251
/ 1745 1795
* 773 1805 4872
- 4 1994 13 2
/ 851 356
- 1 2000 12 4
/ 1955 509
+ 1699 304 987
* 108 212 469
* 4 1441 3271
/ 1289 1187
/ 377 1542
- 3 10 1998 1
- 4 12 2000 3
- 2 13 1994 4
+ 1950 899 1386
/ 1977 510
- 7 1995 14 2
* 1429 721 1174
* 15 415 62
- 4 1994 13 7
- 7 13 1994 4
/ 1684 1301
/ 1217 1447
+ 1938 1622 3159
- 5 1999 11 7
* 871 98 2893
+ 62 1729 3824
+ 767 960 3466
+ 260 187 109
+ 1336 1047 4030
- 8 1997 9 5
* 1261 395 403
* 1164 818 1234
- 4 1994 13 8
/ 1914 1693
* 1945 1005 361
/ 1102 527
/ 328 51
* 1940 797 4809
+ 312 681 1002
/ 33 1553
+ 204 347 3661
/ 251 1928
/ 1554 1872
/ 558 585
/ 11 1112
/ 338 1555
+ 662 1364 2074
/ 343 1755
* 1255 140 1878
/ 343 226
+ 903 828 1704
* 381 1576 946
* 161 995 4300
- 2 14 1995 4
+ 755 1449 4151
/ 1588 383
/ 1930 960
* 1184 1787 3606
+ 168 1535 1636
+ 47 1631 1109
+ 1126 1452 3157
+ 71 1659 1585
/ 1484 1340
/ 1987 53
- 5 9 1997 2
/ 1634 1572
/ 1795 1618
- 6 15 1996 5
- 3 2000 12 6
- 7 11 1999 3
+ 661 272 1790
- 5 1996 15 7
/ 610 429
* 1067 1230 27
* 1661 874 4835
+ 125 204 3158
+ 1216 783 3088
- 2 1997 9 5
- 7 15 1996 7
- 4 1995 14 2
* 1099 393 3582
+ 1054 1848 2652
* 356 1615 591
* 1539 661 2944
/ 489 1484
+ 1423 35 2037
/ 1108 1366
/ 656 1248
* 1150 698 2350
- 2 14 1995 4
- 8 13 1994 2
+ 359 727 3302
+ 92 651 120
* 1609 389 958
+ 1391 1362 3295
/ 769 541
+ 142 1376 4341
+ 1224 1830 4844
* 153 1534 4316
* 260 971 2327
* 1973 801 2040
/ 775 781
* 832 172 3899
- 7 1996 15 8
+ 84 1763 1528
- 6 12 2000 7
+ 297 719 2055
+ 1609 1601 4507
* 716 879 1737
/ 391 836
* 1309 318 4422
+ 1258 1070 881
- 3 1999 11 6
+ 957 216 412
/ 75 1977
/ 1220 1957
* 56 1840 706
/ 509 1129
+ 1766 131 3472
/ 530 1662
- 2 1994 13 2
/ 371 552
/ 27 124
/ 73 531
- 4 1995 14 3
* 982 1736 737
/ 1867 21
+ 875 1612 3445
- 2 13 1994 4
/ 108 397
* 1592 9 2289
+ 1818 763 2267
* 117 1355 887
/ 1573 1260
+ 447 1743 38
+ 1590 1683 3250
- 6 11 1999 2
* 59 1442 1520
+ 592 1989 2679
- 1 1998 10 6
/ 1917 733
* 167 996 3200
+ 815 474 2001
- 3 14 1995 1
+ 105 1194 1425
- 7 2000 12 3
+ 40 277 4591
+ 1092 65 3130
* 1756 109 2360
- 5 9 1997 7
+ 70 940 1146
* 897 1024 1770
- 4 1994 13 5
+ 1177 178 2429
/ 1056 1258
/ 767 1939
+ 1959 1680 2502
+ 826 873 2247
/ 1848 1662
+ 1452 1019 2016
* 441 1438 1568
/ 1967 297
+ 1349 1906 2669
* 197 1752 2777
- 3 12 2000 4
/ 1444 1519
/ 462 887
* 902 324 3994
* 290 697 3518
* 397 1425 1332
- 4 2000 12 4
- 5 13 1994 3
- 3 1994 13 5
* 744 327 3050
* 299 499 229
+ 1399 805 512
/ 1809 848
* 256 350 2108
- 8 15 1996 3
/ 1221 211
* 1271 169 3941
- 4 12 2000 8
+ 152 909 3852
- 6 10 1998 4
* 1127 1520 2016
+ 790 1185 2710
+ 1656 502 290
- 5 13 1994 6
- 6 1994 13 5
- 2 1999 11 6
/ 297 898
* 1097 1830 4199
/ 618 159
- 5 13 1994 2
/ 501 997
* 781 1750 1400
- 8 2000 12 5
/ 983 847
+ 1493 215 2851
* 953 1341 3241
* 1754 191 3254
* 1187 673 762
- 6 11 1999 8
* 311 1993 2424
+ 1530 76 380
- 8 1999 11 6
* 39 1753 932
+ 177 983 3651
* 372 664 3370
- 5 12 2000 8
+ 1939 1997 1826
- 1 1995 14 5
* 521 1013 2592
- 5 14 1995 1
* 59 329 437
- 6 11 1999 5
+ 1996 473 3032
- 4 1998 10 6
- 2 1994 13 2
+ 876 487 1756
+ 1399 903 938
+ 1375 1324 1929
/ 229 1126
- 8 2000 12 4
* 948 914 4132
+ 311 1008 751
- 2 13 1994 2
+ 1919 1592 3377
- 2 1994 13 8
- 5 1999 11 2
* 802 716 4150
+ 1477 977 1738
- 7 1997 9 5
- 3 1996 15 7
- 1 1995 14 1
* 1695 447 2964
+ 1925 1973 3860
- 4 12 2000 3
- 1 14 1995 4
/ 521 832
* 1083 526 2788
* 184 713 4370
- 5 9 1997 1
- 7 15 1996 5
- 6 10 1998 7
/ 947 1918
- 4 1995 14 6
- 8 13 1994 4
+ 772 1335 3428
- 5 1996 15 8
/ 1271 1081
+ 1144 410 2347
* 395 1640 4003
- 1 1997 9 5
/ 722 1064
/ 1568 1245
- 2 11 1999 1
+ 131 1676 4875
/ 1667 481
* 1772 626 2042
/ 1404 336
+ 1516 1057 4672
- 1 1999 11 2
/ 1308 1282
+ 1790 1309 861
+ 975 1429 215
- 3 2000 12 1
/ 542 1071
* 1839 217 1424
- 5 9 1997 3
* 1483 92 3586
* 919 410 3922
/ 919 1756
+ 485 909 1189
* 1980 1648 1216
/ 216 994
- 7 1998 10 5
+ 1811 1987 3556
/ 1258 318
* 758 1236 2241
- 6 14 1995 7
- 3 1997 9 6
- 1 12 2000 3
- 4 1994 13 1
* 1081 1023 2559
/ 1386 1765
- 1 13 1994 4
/ 586 774
/ 1380 1362
+ 1510 1190 557
* 1520 447 1066
* 1879 1089 2241
* 826 670 4003
+ 725 1626 1305
- 2 11 1999 1
+ 1852 1052 2207
/ 763 1079
* 829 1761 85
/ 1355 1452
+ 712 122 800
+ 846 427 1026
/ 663 1296
- 4 1994 13 2
/ 1733 815
- 3 2000 12 4
+ 301 1447 4497
* 825 555 300
- 6 9 1997 6
- 5 10 1998 5
- 2 13 1994 3
* 1979 451 1353
* 381 1388 3954
- 3 1994 13 2
+ 1559 129 3828
+ 1990 1592 546
+ 919 1701 159
/ 1680 724
- 8 15 1996 3
/ 1059 1184
+ 96 828 4332
/ 738 1814
/ 1928 1803
- 7 1995 14 7
+ 686 320 1442
* 488 246 1366
+ 582 170 115
/ 1349 800
/ 439 613
/ 366 1132
* 1071 393 2715
+ 1187 273 2423
- 3 1996 15 8
/ 1000 1220
- 5 1998 10 3
* 135 820 1683
* 705 1870 474
/ 650 224
* 640 394 4862
+ 146 214 166
/ 438 957
* 1753 1184 717
/ 481 468
* 967 1287 533
/ 1992 1995
- 8 15 1996 5
+ 869 1494 799
/ 283 1756
- 7 14 1995 8
* 1331 259 3837
+ 605 1490 1382
* 1821 801 613
- 3 10 1998 7
- 6 1997 9 3
+ 1020 620 2298
/ 1224 959
* 1607 1017 1118
* 1983 662 3541
/ 74 1819
* 71 781 737
+ 1577 1146 2565
/ 1410 1254
+ 1871 1125 1169
+ 348 1128 3731
+ 497 1850 1063
* 511 958 58
/ 776 686
* 1504 1466 1447
+ 1042 1594 1094
+ 1355 700 2394
/ 1677 1519
+ 1110 219 3225
/ 524 1722
+ 1940 552 903
/ 1610 1192
- 1 1999 11 1
+ 1043 297 905
+ 1873 1934 4307
* 1395 844 1586
+ 917 1980 1692
- 2 13 1994 6
* 973 306 4339
* 1511 735 3210
- 8 1995 14 2
/ 814 1813
- 1 11 1999 8
- 8 1999 11 1
+ 945 622 3884
+ 1157 1938 2091
/ 1186 125
+ 1350 488 1590
/ 382 1092
- 6 1994 13 8
- 1 11 1999 6
- 2 14 1995 1
* 1400 547 4069
- 8 13 1994 2
- 1 1995 14 8
/ 1728 1121
* 1097 1509 1865
/ 840 618
* 1261 409 1110
+ 430 1539 3297
/ 775 729
+ 475 119 1330
* 1144 877 2856
- 2 1994 13 1
- 8 14 1995 2
* 1723 864 1940
- 3 9 1997 8
- 4 12 2000 3
* 722 500 1101
+ 1456 1731 4791
* 897 866 4389
+ 1317 338 603
+ 1617 1009 5
- 3 2000 12 4
- 8 1997 9 3
+ 722 1910 382
* 747 1052 2800
+ 1641 769 4062
* 1244 37 3675
+ 1604 1104 3280
* 1519 1216 3726
- 5 1996 15 8
- 3 9 1997 5
/ 836 359
/ 1511 1188
- 5 1997 9 3
* 1516 1154 150
+ 917 884 2764
+ 79 470 610
* 1525 800 4189
/ 1635 1549
+ 1497 736 2660
+ 1556 959 3296
* 1632 831 2497
+ 698 651 4623
- 7 1998 10 5
+ 1741 1201 1365
* 1101 567 4574
- 8 15 1996 7
+ 642 1564 3831
/ 1123 1750
* 1150 82 707
* 1023 718 3315
- 1 13 1994 1
- 4 12 2000 8
- 5 10 1998 4
+ 1203 690 3205
+ 960 1887 510
/ 1486 631
+ 665 1787 4185
/ 978 265
+ 1631 1143 709
- 6 1999 11 5
- 8 2000 12 6
+ 1793 1330 1667
/ 1147 933
* 778 427 3127
/ 64 1427
+ 1736 629 3543
* 1032 812 1626
/ 390 1413
- 3 9 1997 8
/ 918 703
* 54 830 3450
/ 464 230
* 199 858 4329
/ 1889 1141
* 1993 1032 1178
+ 1285 1081 4240
* 1424 1877 1659
+ 932 58 3102
/ 860 1572
- 6 12 2000 6
- 7 1996 15 7
- 4 1998 10 3
* 1711 585 1009
+ 1674 1719 411
* 1758 509 3288
/ 1040 702
+ 954 645 1924
- 5 11 1999 4
+ 258 1442 4619
* 1803 257 2515
+ 1668 838 2630
/ 1347 919
/ 386 1972
+ 1691 968 3070
+ 528 1744 4876
+ 277 1707 1885
/ 1678 1728
* 287 1348 953
/ 978 1138
* 248 790 4515
* 1288 1206 2538
+ 1399 418 4215
/ 513 1092
+ 1141 741 4026
* 418 106 1821
- 7 15 1996 5
/ 1482 317
- 4 1999 11 7
* 1058 629 3969
+ 655 1668 1567
- 8 1997 9 4
+ 605 95 3920
+ 1485 1479 37
/ 454 593
/ 1942 1239
* 922 1560 3151
- 7 11 1999 8
+ 1936 511 2815
/ 1985 910
/ 386 747
- 1 1994 13 7
* 1869 1942 4095
- 4 9 1997 1
- 6 2000 12 4
- 3 10 1998 6
- 2 1995 14 3
+ 1397 1679 1764
- 4 12 2000 2
- 2 2000 12 4
/ 769 1689
- 1 1997 9 2
- 3 14 1995 1
- 2 9 1997 3
/ 365 166
+ 1944 1670 2458
/ 902 554
- 3 1997 9 2
* 469 1605 1449
* 661 441 686
- 7 13 1994 3
- 2 9 1997 7
+ 203 1126 4602
+ 532 1423 178
/ 237 1421
- 3 1994 13 3
/ 404 1567
/ 321 113
* 824 986 939
/ 1540 417
* 113 948 4196
* 1928 1786 1481
- 5 1996 15 2
+ 1557 993 3911
/ 1665 1024
* 489 9 3149
/ 1900 1566
- 1 1995 14 5
/ 239 817
* 735 237 326
- 7 1997 9 1
- 8 1999 11 7
* 1148 632 3667
* 1475 225 642
* 960 1231 3884
* 813 119 2949
+ 873 1281 173
/ 101 1247
/ 1532 575
- 3 13 1994 8
/ 1382 219
* 693 1450 4702
* 614 1173 627
* 45 261 2795
/ 361 1128
/ 1082 54
- 2 15 1996 3
+ 1870 364 3671
* 165 1374 4592
+ 546 1221 1751
+ 1481 1899 821
/ 1449 1949
/ 530 2
- 6 1998 10 2
+ 1675 601 272
/ 765 1646
+ 1894 754 3996
- 8 1994 13 8
- 3 1996 15 6
* 38 1008 4710
* 1597 308 4129
/ 1203 235
+ 1038 820 3964
* 1949 1308 3652
+ 1533 1612 1445
- 2 10 1998 3
/ 1492 621
/ 1319 928
+ 1392 130 3979
/ 1168 1151
/ 862 1099
- 1 9 1997 2
- 6 15 1996 1
- 2 1997 9 6
+ 1869 1364 3303
* 1023 272 1274
* 40 198 3419
* 440 1633 3537
* 1452 1610 681
* 297 1219 1312
+ 1499 513 4844
* 1880 111 458
/ 1826 1114
* 849 1386 2884
* 1777 450 910
+ 82 1448 2040
/ 1057 74
* 1354 1292 791
* 1142 1304 982
- 5 14 1995 2
- 6 9 1997 5
+ 894 1917 285
* 395 258 3185
/ 1751 490
- 8 13 1994 6
- 4 12 2000 8
+ 1655 600 1341
- 1 1996 15 4
+ 1110 1139 4373
- 7 11 1999 1
- 6 1994 13 7
+ 1603 1188 4339
/ 1461 399
/ 224 1920
+ 1362 293 1348
- 3 1998 10 3
- 4 15 1996 6
/ 467 1682
/ 1928 432
/ 151 351
+ 1864 1791 1190
+ 1316 1880 1368
* 211 719 3390
+ 181 1852 2701
/ 1999 1982
+ 99 448 1486
- 7 13 1994 4
* 883 304 1549
/ 1024 213
* 1742 1603 4175
+ 1806 1229 2737
- 4 1994 13 4
/ 1261 1568
+ 353 1535 2540
* 692 1844 4136
- 8 2000 12 7
/ 972 616
* 515 300 3544
* 683 492 2694
* 411 647 2944
/ 586 636
- 5 1997 9 8
+ 1239 1324 4460
+ 1966 1328 1426
/ 872 1581
- 4 13 1994 5
+ 704 1923 898
+ 1218 24 3160
/ 803 756
+ 41 79 3125
* 397 1453 672
/ 324 1254
- 7 12 2000 4
* 1285 1321 2516
+ 890 1566 1713
+ 321 1382 751
/ 1980 1148
/ 1653 1808
/ 1258 1768
+ 490 969 1831
/ 410 735
- 2 1995 14 7
- 3 10 1998 2
/ 399 1129
+ 166 151 238
+ 982 927 2894
+ 1661 922 4090
* 465 1194 2010
* 862 1021 321
+ 1409 1830 3293
/ 966 797
+ 930 278 4206
* 428 445 1931
/ 1371 826
+ 1031 99 244
+ 915 790 4811
/ 1651 1832
+ 1204 1240 2315
/ 1540 1633
/ 337 443
+ 614 1649 1108
/ 94 392
/ 1816 1218
+ 1199 902 4647
* 1691 1459 1746
/ 1643 1585
/ 1234 252
/ 774 236
/ 1110 678
* 75 247 3466
- 8 9 1997 3
- 3 1997 9 8
+ 446 553 4242
+ 30 1704 2358
- 2 1998 10 3
+ 490 1667 4018
- 6 1996 15 2
+ 863 265 3630
- 1 1999 11 6
+ 611 1636 4242
- 4 2000 12 1
/ 1052 351
+ 1074 652 4675
+ 1635 919 3656
- 3 10 1998 4
/ 1028 212
* 1514 1681 985
+ 387 190 1895
* 1241 246 1056
+ 898 84 3002
- 8 9 1997 8
/ 1324 1731
/ 703 294
* 216 326 2468
+ 1065 1658 1160
* 1250 1407 1362
- 4 1998 10 3
+ 311 1021 2015
* 344 1099 3851
* 1744 1334 261
+ 802 1486 4810
- 3 10 1998 4
* 401 174 90
* 571 1401 2255
+ 1868 684 718
/ 780 1611
/ 1206 489
+ 368 880 2476
- 7 14 1995 3
/ 913 1922
* 314 177 2735
/ 1479 1772
* 1476 551 3301
+ 1751 507 3277
- 8 1997 9 7
/ 1520 1137
- 7 9 1997 8
* 1756 145 3325
+ 1446 763 4407
/ 1393 1531
+ 1163 1888 2734
/ 1704 49
/ 1575 1538
- 1 12 2000 7
* 1015 43 3551
/ 1488 1667
- 4 1998 10 1
/ 1617 1095
/ 1192 817
/ 570 524
- 6 11 1999 6
/ 1001 751
/ 1497 161
* 1522 120 1098
* 1166 1703 2051
- 7 2000 12 4
/ 598 404
- 2 15 1996 7
/ 1126 1543
* 1598 1641 2876
* 1695 280 4373
+ 1226 968 1467
/ 1131 1462
+ 1219 411 1445
+ 1541 318 2497
- 7 1996 15 2
* 1802 161 3260
- 5 1994 13 7
+ 1448 301 2536
/ 1078 1077
+ 575 832 890
/ 1904 509
* 102 670 3918
- 4 12 2000 5
* 1123 1646 1880
- 2 15 1996 4
- 3 1995 14 2
- 4 1996 15 4
- 8 1997 9 3
- 4 15 1996 8
/ 655 1077
+ 1063 1568 4772
+ 377 91 1995
/ 2 1089
/ 1794 1782
/ 1766 962
/ 1701 58
* 173 605 3404
+ 1804 903 2871
* 28 1202 183
+ 1644 1179 1582
+ 268 251 1438
/ 135 1362
* 1609 1771 1681
/ 375 1107
+ 897 604 4339
- 5 2000 12 4
- 1 10 1998 5
- 4 12 2000 1
+ 1995 1200 4048
+ 1058 964 3071
* 79 1197 1273
+ 1853 1834 1593
* 1997 1788 2097
/ 1538 781
- 2 14 1995 4
- 6 1999 11 2
/ 1158 977
* 53 104 1690
/ 201 336
+ 981 607 1271
* 1539 981 567
/ 1457 1591
/ 981 1095
* 1820 1023 2994
/ 148 504
- 7 13 1994 6
+ 1464 1182 1792
+ 720 801 10
* 790 467 2228
+ 1799 1324 4715
+ 698 62 4705
/ 565 254
/ 763 206
* 651 1998 3085
+ 1519 549 406
* 578 1479 2463
- 3 9 1997 7
/ 718 1583
* 256 188 1938
+ 393 1893 3019
+ 978 1597 259
+ 3 274 3455
/ 737 395
+ 341 1505 294
* 60 315 531
/ 1384 871
+ 829 1058 4587
+ 1802 481 568
* 1458 165 1153
- 4 1995 14 3
/ 947 462
/ 1613 1345
/ 997 1919
* 646 747 4019
+ 1297 1821 4065
/ 1067 1523
+ 220 1210 3548
+ 1352 1252 2864
/ 1905 73
/ 1203 886
/ 816 231
/ 164 149
* 1161 1247 4101
+ 543 1274 4810
- 6 1994 13 4
- 4 13 1994 6
+ 17 972 2728
/ 407 889
* 1508 1635 3305
+ 445 713 3472
+ 1501 736 1376
/ 1996 975
- 2 11 1999 4
* 823 50 2366
* 456 607 4100
* 593 1406 3447
+ 470 1273 4870
+ 8 247 4509
* 1221 1990 1825
/ 1665 198
- 1 2000 12 1
/ 1700 1321
- 7 1997 9 2
+ 1503 1731 939
* 1720 1108 1735
* 1367 1473 4022
* 1200 1552 2088
/ 1772 1929
- 6 1994 13 7
/ 1937 851
* 1667 501 737
* 1608 1473 1925
+ 945 948 4028
- 1 12 2000 6
* 1882 1223 3434
/ 839 359
/ 41 1785
* 1183 286 2639
/ 245 1112
+ 1571 408 4016
* 903 1868 1066
+ 841 815 1468
+ 1647 235 3786
/ 669 1087
- 7 13 1994 1
* 1694 1977 3495
- 3 14 1995 7
+ 1797 477 444
* 1615 1665 1050
+ 76 430 2376
- 4 1999 11 4
* 702 1884 1650
* 1522 1734 2545
+ 1657 344 1645
+ 788 1028 1451
- 6 2000 12 3
* 551 1005 4561
/ 504 691
* 1702 957 1908
* 855 1110 4794
+ 108 280 3984
* 1084 788 3916
- 3 12 2000 6
* 961 824 2570
- 6 2000 12 3
/ 1577 1786
/ 1913 1272
- 3 12 2000 6
/ 1247 492
- 8 1996 15 3
* 836 733 1724
- 6 2000 12 8
+ 344 693 1403
* 1998 1289 1788
/ 592 995
* 1113 1916 4389
+ 549 1094 339
- 8 12 2000 6
+ 685 1082 2186
- 6 2000 12 8
+ 174 933 972
* 1227 1874 4007
+ 1609 186 333
- 1 1994 13 6
+ 146 1068 1405
/ 779 73
/ 188 246
+ 1160 960 3384
* 1877 1346 1351
+ 225 375 171
* 457 894 161
* 1050 1971 2072
- 6 13 1994 1
+ 531 1969 1564
+ 1353 732 366
+ 83 928 274
+ 1451 165 3617
/ 679 1193
+ 1001 726 721
- 7 1995 14 6
+ 1297 593 562
- 5 1998 10 7
/ 1385 81
/ 1130 401
* 155 1508 3372
/ 1237 347
/ 1775 78
- 1 1994 13 5
* 43 1837 1782
/ 1077 519
/ 1861 1
+ 261 207 1111
/ 1931 1040
/ 277 1189
* 355 792 3114
- 3 15 1996 3
* 721 304 311
* 181 1172 2238
+ 1785 1798 1600
/ 1728 1992
/ 5 1532
- 2 9 1997 1
+ 316 1794 2544
* 514 1862 4103
- 3 1996 15 2
/ 334 1575
- 8 12 2000 3
* 487 364 87
* 914 1601 3934
* 56 1018 1158
+ 239 1328 1240
* 752 460 2278
/ 386 1679
/ 1023 401
+ 449 1487 2247
- 1 1997 9 8
+ 1876 124 4408
/ 714 1088
+ 1477 1839 676
* 924 414 4784
- 2 15 1996 1
+ 1942 1738 2065
* 1196 963 2069
- 4 11 1999 2
- 2 1999 11 4
- 4 11 1999 2
/ 923 1428
+ 594 912 3625
- 6 14 1995 4
+ 311 1686 2971
/ 145 1847
+ 545 1744 971
+ 540 1246 4788
+ 1839 1291 4964
/ 1955 1655
+ 1605 164 2500
* 776 1446 3084
/ 1630 1123
- 1 1996 15 6
/ 1700 312
+ 1539 1603 2554
* 1909 46 1712
+ 2 876 4025
/ 3 1471
/ 1383 1101
* 1087 1338 3304
- 6 15 1996 1
* 1864 1256 608
+ 1164 6 2281
/ 360 509
* 1840 864 1184
- 1 1996 15 6
+ 952 69 1554
/ 394 1856
- 3 2000 12 1
/ 1321 381
- 7 10 1998 3
- 6 15 1996 7
* 383 1073 2166
* 51 308 2086
/ 1160 1759
/ 1851 295
/ 945 974
+ 244 1853 3764
- 1 12 2000 6
/ 609 346
* 235 748 993
/ 1816 153
- 6 2000 12 1
- 1 12 2000 6
* 1631 955 1591
- 4 1995 14 1
/ 1492 1711
/ 1142 567
+ 1626 1666 4630
/ 497 74
/ 201 1192
* 1691 1174 1752
/ 1765 597
/ 1295 187
+ 1145 1945 2406
+ 1669 250 839
/ 1744 406
+ 1369 71 4828
/ 919 1902
/ 1472 1093
* 1162 619 683
* 735 632 1794
/ 818 417
/ 1114 1175
+ 1135 1777 4492
* 1872 250 1760
- 7 1996 15 4
* 928 905 473
+ 1639 105 1583
- 8 9 1997 8
+ 437 526 4291
/ 117 1964
/ 1300 258
+ 808 912 4598
* 1816 72 2739
* 529 1323 4473
* 1027 1017 2893
/ 1862 768
* 904 1204 731
* 752 848 1509
- 5 13 1994 7
- 3 1998 10 5
- 6 2000 12 6
+ 1681 276 2466
- 2 1999 11 3
- 8 1997 9 2
* 896 880 1206
+ 1225 619 2198
/ 576 1231
- 2 9 1997 8
/ 524 980
- 3 11 1999 3
/ 762 60
+ 339 1030 1467
* 1957 50 1918
* 551 1978 2891
- 5 10 1998 2
/ 1521 1789
+ 1403 993 3146
- 7 1994 13 5
* 1740 1188 2085
+ 431 1753 1333
/ 311 1216
* 1746 1201 3782
+ 1341 1020 1333
* 1535 1737 4841
/ 170 911
+ 347 1002 2604
- 2 1998 10 7
* 1583 1487 776
- 1 14 1995 2
/ 1770 753
/ 1032 1818
* 34 422 4205
- 5 13 1994 1
+ 300 1552 2600
* 1608 1819 2342
* 275 943 4062
- 8 1997 9 5
- 6 12 2000 8
- 4 15 1996 6
/ 1831 22
* 950 1438 2440
+ 1886 425 3411
+ 183 587 1653
- 6 1996 15 4
+ 255 1185 1794
/ 1093 874
/ 924 1248
* 225 1007 1017
+ 1432 1781 1639
+ 368 293 4064
* 217 607 1490
/ 758 230
- 7 10 1998 6
- 6 1998 10 7
+ 1735 1529 672
- 3 1999 11 6
* 827 942 2710
- 1 1994 13 3
+ 619 1866 4028
+ 1172 764 61
- 2 1995 14 1
/ 116 1746
* 178 1885 3011
- 6 11 1999 2
* 987 769 1217
+ 830 1413 4595
* 1643 37 1094
+ 1653 1014 257
- 7 10 1998 7
- 5 9 1997 6
- 2 1999 11 5
- 4 15 1996 2
* 1460 255 1460
- 2 1996 15 4
/ 408 700
- 5 11 1999 2
+ 819 1124 1185
* 175 1250 428
/ 1333 911
/ 516 1226
- 2 1999 11 5
/ 818 1982
/ 39 125
- 1 14 1995 2
+ 680 19 2683
- 8 2000 12 1
+ 1495 841 2369
/ 1174 1294
* 1298 592 4808
+ 1676 802 1380
+ 927 61 2379
+ 1980 1265 869
* 1995 491 4366
+ 584 284 1163
- 5 11 1999 8
* 95 280 865
- 4 15 1996 5
/ 1766 1569
* 484 1238 1430
* 754 1206 3770
/ 507 69
* 1106 296 1801
/ 1513 401
/ 1092 575
/ 1401 709
- 3 13 1994 4
- 5 1996 15 3
/ 1769 1158
+ 185 670 17
/ 113 1944
/ 1514 257
- 4 1994 13 4
/ 220 1279
* 1625 1259 1486
- 7 1998 10 5
+ 1529 291 2433
/ 778 503
+ 161 482 2731
- 4 13 1994 4
/ 484 1837
- 3 15 1996 3
- 3 1996 15 7
/ 1175 792
/ 1954 1165
+ 1656 1162 4142
/ 1645 1332
- 8 1999 11 3
+ 1747 1358 2881
+ 1866 983 3584
- 5 10 1998 8
/ 676 674
* 1995 796 642
+ 413 1422 4086
+ 773 928 695
* 1809 781 1347
- 7 15 1996 5
+ 1017 449 2892
- 4 1994 13 7
+ 631 1439 1973
+ 1921 1782 2457
- 8 1998 10 8
- 5 1996 15 4
* 1877 1139 1723
* 184 1707 1332
/ 32 605
* 1842 1224 2918
* 1750 1858 70
/ 481 736
+ 89 1388 2407
+ 1161 392 2044
* 268 278 4161
* 336 1846 1226
- 7 13 1994 5
/ 660 1068
* 1855 1157 1781
+ 22 294 3004
* 1848 624 3952
+ 1786 23 4812
* 602 1180 4432
+ 1740 458 4960
* 584 309 4662
* 490 1731 1637
- 6 1997 9 7
- 5 1994 13 6
- 6 13 1994 5
* 890 1112 584
/ 1234 1541
/ 1298 1853
+ 1562 1140 391
+ 213 1397 2502
- 7 9 1997 6
+ 921 756 3809
/ 219 1394
/ 1453 1286
/ 750 1490
* 663 629 1645
/ 841 1042
* 108 1054 213
- 4 15 1996 7
/ 412 1872
+ 1172 1324 1510
/ 425 1000
* 1088 1981 2915
- 7 1996 15 4
- 6 1997 9 7
- 4 15 1996 6
/ 1773 851
/ 1824 24
+ 693 1656 1081
- 3 11 1999 4
/ 1387 1734
- 1 12 2000 3
/ 1986 982
/ 161 1005
+ 1205 1012 3938
/ 1513 1956
- 6 1996 15 1
* 207 28 2435
* 1288 1752 2299
* 517 637 752
/ 797 109
* 2 1121 2792
+ 985 1100 2700
+ 1703 40 4362
* 1363 1245 3012
/ 1624 1595
* 200 1895 33
- 7 9 1997 7
* 558 1998 4513
+ 1512 649 1873
* 11 1176 1770
* 684 1746 2821
+ 1008 1373 3875
/ 440 1407
+ 856 1438 4071
/ 1470 1437
* 379 1787 4404
- 2 1995 14 6
- 7 1997 9 2
/ 996 1943
- 2 9 1997 7
* 1971 1237 1658
+ 760 1156 4954
/ 1776 678
+ 140 223 2255
- 4 1999 11 2
- 8 10 1998 4
/ 191 728
+ 505 537 472
+ 430 1965 2107
/ 180 1599
/ 512 1503
/ 1138 674
+ 1777 1237 4391
+ 82 309 3653
+ 549 1622 3155
* 350 206 4602
+ 30 19 3993
- 3 2000 12 3
/ 1225 655
/ 1616 1928
* 276 1581 3355
/ 1203 1512
* 1552 1717 4876
/ 1746 1012
* 92 607 916
/ 1801 1907
/ 1200 26
* 921 594 228
/ 521 1971
/ 102 1304
+ 943 1207 1257
* 699 1355 3181
/ 1446 1141
/ 766 1031
* 140 1413 4411
+ 6 1993 4226
* 1963 71 4979
/ 1091 635
+ 33 1841 86
* 539 876 1222
/ 168 183
- 4 1998 10 8
+ 1967 162 1369
/ 796 1200
/ 988 1638
* 1878 1079 2729
- 6 14 1995 4
* 1506 1207 3132
+ 1973 1381 991
+ 1347 1153 71
* 1948 623 3194
* 260 1189 811
* 270 139 359
* 1336 704 2137
- 2 11 1999 6
+ 1719 162 1754
+ 916 1054 1763
+ 1989 24 3649
- 3 12 2000 2
* 752 39 2417
- 7 1997 9 3
+ 1665 1571 3427
/ 1911 1803
+ 1063 1181 1704
- 5 1994 13 7
* 703 123 2915
* 142 679 1677
* 1196 1342 3121
* 1121 1383 4676
- 1 15 1996 5
+ 1082 681 3384
+ 1598 1139 1403
- 5 1996 15 1
/ 694 1049
* 1723 324 1386
/ 1115 1562
- 3 9 1997 5
/ 1252 1305
/ 1658 215
+ 390 802 292
/ 1082 1653
* 482 1437 2805
+ 1601 272 1046
- 2 2000 12 3
* 618 887 3274
* 292 1016 4879
- 7 13 1994 2
- 5 1997 9 7
* 27 308 4251
/ 926 1116
* 1200 195 3897
- 1 15 1996 5
- 4 1995 14 4
/ 1392 33
* 1700 1687 1624
- 5 1996 15 1
/ 1201 345
* 646 1180 104
- 1 15 1996 5
/ 778 426
* 1402 529 2750
/ 1178 292
- 4 14 1995 1
/ 941 1092
- 2 1994 13 4
+ 1719 425 2755
- 8 10 1998 2
- 3 12 2000 8
* 1382 674 3364
/ 1234 890
* 1233 539 1256
/ 294 1313
- 2 1998 10 3
* 722 1887 2036
/ 739 1555
* 120 580 175
/ 166 417
* 1398 955 1510
+ 1600 591 1069
- 3 10 1998 2
+ 1502 1129 1827
/ 1708 355
/ 1873 771
* 1622 77 3000
* 29 592 3800
- 5 1996 15 3
- 8 2000 12 5
/ 1172 539
/ 294 29
* 723 577 1750
/ 1729 1882
+ 1745 29 3153
* 500 282 117
- 2 1998 10 8
/ 1695 1503
+ 1724 701 3519
/ 1630 1270
/ 1358 1503
+ 1103 1567 4794
- 6 1999 11 2
/ 1418 855
/ 1344 1312
+ 1805 1899 2323
* 1528 1594 3566
/ 1448 332
* 1015 946 3458
- 1 1995 14 6
/ 1222 272
* 533 1469 2834
* 1367 1159 4408
+ 1104 1975 130
* 307 469 1916
- 6 14 1995 6
/ 1998 483
/ 1219 1106
* 104 574 2797
+ 293 1431 2537
* 1757 1668 312
* 137 1230 1846
* 957 753 3853
- 5 12 2000 1
/ 1054 269
+ 1203 642 709
+ 424 1248 271
/ 1267 937
* 1755 1441 2656
+ 546 1511 824
/ 108 1730
- 2 11 1999 5
* 129 1792 4811
/ 1391 436
/ 657 1372
* 412 1472 2419
+ 17 282 4185
/ 390 267
- 7 9 1997 2
* 982 1919 562
+ 1309 970 317
/ 1001 729
/ 472 1500
+ 840 1782 858
- 8 10 1998 7
