1000 1000
1 2 73
2 3 42
3 4 50
1 5 12
2 6 49
1 7 73
6 8 48
5 9 6
8 10 21
10 11 18
9 12 18
4 13 65
12 14 49
1 15 31
13 16 66
12 17 37
11 18 13
16 19 68
11 20 48
7 21 27
5 22 29
17 23 8
10 24 45
7 25 21
23 26 56
17 27 46
23 28 90
10 29 41
29 30 52
23 31 92
27 32 87
4 33 11
1 34 54
28 35 97
16 36 81
23 37 83
1 38 29
15 39 15
25 40 95
2 41 57
25 42 27
1 43 47
24 44 10
23 45 34
9 46 97
33 47 24
43 48 30
39 49 10
29 50 33
24 51 12
40 52 14
16 53 2
25 54 79
13 55 39
28 56 5
56 57 29
28 58 69
24 59 50
30 60 35
36 61 43
42 62 75
24 63 70
11 64 75
36 65 87
19 66 38
57 67 71
47 68 64
18 69 99
10 70 60
68 71 15
64 72 0
19 73 9
6 74 24
7 75 40
41 76 10
71 77 42
72 78 24
12 79 2
79 80 40
65 81 0
46 82 73
60 83 41
4 84 55
18 85 63
6 86 20
46 87 32
40 88 13
60 89 91
37 90 25
82 91 26
45 92 80
17 93 67
22 94 73
22 95 91
44 96 14
19 97 12
83 98 20
9 99 56
65 100 28
27 101 9
29 102 89
24 103 23
15 104 66
15 105 99
49 106 69
89 107 80
51 108 66
21 109 95
89 110 92
17 111 56
5 112 60
41 113 97
88 114 89
54 115 34
107 116 35
50 117 9
37 118 33
82 119 64
23 120 29
59 121 18
24 122 87
68 123 26
83 124 26
29 125 53
6 126 84
85 127 70
87 128 29
101 129 22
39 130 81
9 131 18
56 132 78
32 133 29
45 134 74
19 135 5
56 136 62
98 137 65
119 138 59
79 139 35
15 140 13
91 141 55
118 142 2
88 143 91
66 144 31
20 145 30
39 146 18
53 147 64
1 148 19
23 149 19
108 150 70
145 151 69
114 152 22
129 153 18
153 154 44
80 155 71
142 156 69
137 157 78
156 158 95
80 159 32
99 160 74
22 161 54
6 162 53
66 163 92
150 164 64
139 165 22
147 166 76
45 167 6
30 168 51
145 169 54
76 170 43
74 171 79
17 172 19
114 173 74
124 174 48
170 175 60
142 176 24
174 177 70
57 178 75
160 179 51
95 180 40
174 181 24
53 182 96
130 183 23
134 184 14
176 185 27
20 186 72
181 187 80
166 188 24
76 189 79
98 190 8
81 191 96
29 192 78
111 193 95
113 194 60
101 195 57
113 196 59
6 197 79
114 198 62
132 199 27
189 200 100
170 201 69
199 202 88
39 203 83
110 204 40
66 205 15
27 206 3
120 207 36
196 208 73
178 209 65
126 210 52
37 211 51
69 212 1
159 213 71
59 214 95
5 215 62
126 216 56
96 217 59
104 218 17
97 219 93
20 220 13
14 221 57
146 222 64
166 223 10
25 224 71
2 225 90
125 226 22
203 227 28
154 228 69
166 229 74
61 230 71
24 231 19
68 232 28
18 233 5
221 234 12
224 235 67
216 236 66
124 237 57
75 238 0
14 239 62
192 240 39
91 241 85
155 242 100
167 243 50
123 244 90
11 245 61
125 246 53
112 247 68
243 248 37
86 249 38
47 250 78
159 251 90
178 252 39
111 253 12
20 254 3
233 255 57
210 256 82
112 257 36
135 258 88
12 259 45
35 260 99
251 261 21
11 262 65
38 263 27
154 264 14
35 265 73
67 266 58
1 267 31
32 268 80
24 269 65
253 270 80
137 271 13
116 272 16
228 273 33
263 274 1
31 275 25
257 276 64
179 277 47
54 278 86
266 279 84
251 280 53
144 281 84
72 282 8
248 283 93
274 284 8
63 285 25
97 286 7
130 287 59
4 288 37
191 289 76
32 290 55
233 291 96
283 292 15
193 293 82
288 294 19
238 295 29
220 296 96
171 297 91
48 298 57
110 299 54
201 300 21
102 301 9
27 302 72
91 303 71
158 304 46
248 305 61
27 306 31
268 307 79
42 308 94
138 309 19
200 310 51
18 311 54
184 312 81
249 313 98
26 314 38
49 315 37
46 316 34
186 317 59
213 318 46
77 319 21
305 320 31
159 321 72
237 322 7
95 323 83
20 324 24
263 325 53
41 326 61
278 327 65
239 328 17
177 329 68
215 330 98
107 331 81
307 332 64
69 333 94
137 334 25
98 335 81
218 336 19
155 337 79
189 338 5
18 339 65
157 340 73
311 341 20
300 342 24
298 343 9
329 344 34
162 345 1
48 346 7
72 347 10
90 348 54
77 349 24
302 350 44
93 351 33
99 352 87
50 353 78
66 354 22
223 355 0
287 356 19
254 357 8
235 358 58
300 359 54
67 360 31
145 361 80
41 362 91
197 363 18
318 364 13
82 365 62
78 366 76
210 367 92
228 368 52
193 369 13
31 370 77
114 371 72
140 372 30
330 373 27
368 374 22
191 375 43
279 376 45
336 377 54
63 378 52
149 379 47
42 380 29
4 381 25
46 382 90
52 383 47
88 384 59
38 385 64
167 386 87
161 387 69
311 388 70
57 389 94
247 390 51
373 391 64
295 392 4
113 393 96
15 394 70
308 395 99
302 396 54
123 397 72
317 398 50
208 399 9
201 400 82
340 401 82
242 402 91
275 403 7
115 404 86
282 405 52
256 406 53
292 407 52
165 408 26
67 409 40
186 410 63
21 411 23
104 412 6
375 413 1
80 414 55
303 415 88
101 416 32
338 417 18
92 418 40
62 419 72
354 420 70
418 421 7
306 422 77
274 423 51
407 424 91
288 425 22
205 426 2
304 427 0
34 428 67
395 429 60
319 430 84
212 431 85
381 432 93
257 433 32
175 434 51
314 435 8
2 436 17
129 437 69
278 438 14
44 439 12
309 440 64
436 441 93
137 442 16
220 443 45
28 444 81
100 445 59
387 446 76
24 447 39
39 448 18
341 449 84
232 450 81
18 451 50
12 452 57
394 453 64
98 454 12
425 455 4
444 456 62
217 457 96
344 458 81
450 459 21
197 460 25
309 461 12
387 462 33
348 463 67
132 464 45
251 465 39
223 466 2
460 467 88
144 468 6
130 469 78
414 470 48
331 471 31
309 472 43
465 473 36
246 474 20
49 475 77
124 476 48
313 477 47
446 478 25
129 479 46
386 480 70
210 481 7
317 482 6
330 483 85
231 484 92
193 485 77
58 486 51
97 487 98
266 488 63
249 489 13
202 490 82
466 491 52
397 492 26
257 493 14
457 494 73
494 495 100
486 496 26
62 497 41
430 498 5
325 499 12
256 500 37
385 501 18
383 502 70
87 503 81
365 504 69
302 505 13
127 506 10
397 507 54
107 508 59
14 509 65
303 510 59
230 511 25
76 512 24
120 513 85
203 514 10
47 515 92
313 516 46
77 517 14
58 518 44
345 519 55
278 520 44
73 521 51
516 522 67
501 523 12
485 524 18
340 525 67
84 526 57
115 527 71
217 528 57
422 529 36
275 530 98
347 531 62
246 532 35
10 533 81
91 534 32
32 535 61
374 536 62
271 537 60
337 538 68
201 539 27
220 540 5
418 541 14
269 542 17
95 543 48
286 544 42
197 545 29
222 546 12
273 547 53
387 548 15
251 549 72
333 550 51
200 551 58
84 552 27
537 553 24
445 554 13
465 555 66
473 556 99
543 557 61
276 558 12
27 559 3
365 560 31
556 561 23
409 562 1
189 563 9
226 564 3
133 565 79
4 566 73
491 567 36
82 568 35
335 569 49
496 570 12
310 571 47
25 572 67
99 573 65
507 574 22
305 575 16
512 576 49
264 577 59
71 578 43
83 579 20
387 580 98
32 581 10
351 582 27
434 583 33
66 584 64
248 585 68
247 586 26
413 587 89
173 588 48
209 589 17
2 590 29
503 591 92
10 592 46
281 593 88
157 594 76
155 595 52
166 596 42
513 597 83
351 598 36
137 599 39
229 600 38
112 601 30
548 602 28
581 603 83
451 604 29
417 605 94
422 606 90
219 607 54
124 608 79
388 609 45
89 610 45
382 611 65
62 612 8
505 613 88
450 614 49
445 615 37
187 616 34
269 617 22
369 618 26
77 619 58
281 620 59
155 621 40
437 622 48
377 623 57
243 624 46
114 625 68
52 626 7
63 627 11
328 628 63
616 629 30
71 630 62
301 631 85
505 632 61
167 633 55
219 634 86
463 635 86
272 636 73
432 637 17
216 638 16
196 639 15
590 640 14
607 641 73
67 642 97
187 643 63
298 644 19
287 645 59
408 646 88
16 647 26
385 648 61
185 649 70
480 650 40
270 651 64
481 652 72
168 653 97
561 654 67
533 655 66
487 656 50
317 657 79
524 658 26
535 659 87
291 660 22
29 661 28
107 662 53
61 663 51
622 664 15
552 665 75
192 666 72
623 667 61
490 668 76
107 669 7
11 670 83
194 671 22
45 672 62
333 673 49
661 674 17
184 675 14
446 676 78
281 677 35
415 678 95
493 679 44
633 680 38
495 681 0
202 682 26
265 683 89
51 684 90
368 685 8
616 686 88
118 687 54
595 688 22
532 689 79
52 690 20
601 691 51
690 692 8
172 693 10
649 694 80
207 695 54
60 696 97
263 697 72
76 698 55
535 699 1
204 700 12
165 701 64
448 702 100
472 703 97
150 704 11
582 705 65
326 706 18
75 707 48
150 708 67
585 709 13
377 710 25
527 711 21
165 712 74
654 713 63
451 714 93
556 715 71
192 716 7
543 717 65
577 718 25
275 719 32
678 720 52
189 721 24
122 722 16
131 723 60
691 724 29
218 725 97
625 726 62
686 727 11
28 728 73
99 729 36
570 730 57
435 731 16
672 732 98
177 733 41
62 734 97
251 735 62
20 736 29
81 737 90
465 738 79
551 739 96
710 740 72
288 741 89
479 742 59
700 743 74
345 744 53
23 745 24
153 746 57
435 747 43
114 748 89
237 749 19
468 750 53
276 751 11
238 752 88
106 753 74
350 754 94
45 755 100
473 756 48
315 757 17
573 758 87
718 759 74
759 760 8
332 761 21
743 762 59
103 763 12
616 764 93
304 765 76
483 766 53
694 767 58
135 768 86
475 769 89
427 770 39
424 771 6
272 772 4
319 773 90
515 774 23
81 775 1
286 776 57
300 777 91
99 778 25
4 779 49
274 780 80
460 781 95
96 782 65
700 783 49
555 784 74
292 785 97
677 786 7
593 787 6
407 788 26
13 789 14
721 790 94
613 791 94
492 792 32
547 793 78
144 794 2
263 795 28
347 796 87
596 797 92
156 798 35
470 799 17
119 800 64
302 801 27
97 802 12
107 803 94
798 804 72
714 805 6
351 806 48
638 807 20
328 808 66
747 809 71
540 810 88
227 811 94
60 812 42
694 813 88
169 814 65
592 815 23
740 816 92
110 817 92
148 818 64
437 819 71
339 820 68
678 821 14
600 822 70
100 823 38
644 824 30
532 825 3
26 826 21
443 827 27
264 828 69
699 829 50
549 830 100
481 831 51
674 832 20
408 833 74
569 834 77
653 835 98
482 836 15
202 837 68
278 838 3
135 839 91
800 840 47
552 841 1
441 842 48
616 843 93
744 844 73
250 845 87
403 846 34
44 847 13
401 848 10
256 849 78
697 850 13
538 851 81
537 852 56
94 853 31
144 854 86
617 855 88
409 856 59
247 857 31
169 858 64
650 859 97
476 860 73
88 861 58
786 862 32
773 863 19
57 864 68
103 865 28
248 866 24
515 867 36
314 868 69
475 869 72
78 870 1
123 871 87
582 872 66
694 873 55
469 874 80
716 875 8
794 876 26
288 877 99
26 878 34
749 879 77
467 880 94
479 881 31
381 882 37
456 883 15
595 884 49
882 885 73
555 886 80
676 887 62
575 888 13
476 889 30
518 890 84
581 891 0
98 892 93
55 893 44
387 894 84
273 895 61
628 896 66
752 897 95
339 898 4
273 899 43
774 900 52
532 901 92
512 902 88
449 903 71
338 904 60
476 905 20
476 906 24
224 907 63
772 908 47
164 909 89
306 910 79
399 911 16
315 912 9
262 913 34
610 914 32
251 915 6
158 916 51
279 917 41
869 918 60
733 919 89
367 920 87
257 921 78
669 922 22
530 923 5
42 924 97
89 925 19
724 926 40
155 927 78
732 928 28
704 929 3
35 930 10
504 931 56
305 932 16
421 933 22
414 934 83
154 935 96
834 936 33
583 937 98
155 938 78
246 939 56
743 940 62
35 941 24
383 942 37
673 943 5
147 944 40
795 945 3
726 946 39
65 947 52
86 948 20
698 949 78
305 950 100
250 951 93
267 952 43
210 953 51
879 954 37
204 955 64
378 956 8
880 957 97
470 958 33
509 959 65
490 960 8
375 961 2
248 962 57
199 963 5
715 964 23
793 965 34
642 966 22
407 967 100
310 968 9
646 969 97
724 970 40
259 971 66
495 972 66
899 973 97
35 974 39
156 975 81
5 976 57
219 977 60
565 978 28
526 979 14
597 980 78
316 981 41
479 982 72
724 983 42
354 984 18
568 985 30
329 986 61
585 987 21
216 988 35
328 989 56
908 990 44
741 991 72
905 992 80
798 993 66
757 994 58
83 995 69
716 996 46
486 997 88
639 998 50
68 999 38
602 1000 54
844 600 67
