1
1000 3000 10
840 49 750106
921 639 603538
201 495 979781
373 461 4028
311 323 701644
123 722 220424
361 301 893982
506 746 880662
221 427 652431
3 423 774840
580 777 393202
4 9 159356
213 721 272744
939 767 775820
133 47 599666
11 541 445529
601 553 260354
985 499 381986
637 633 21200
367 791 324640
518 609 302488
144 641 939425
251 321 188886
577 326 372112
565 677 601949
958 506 419726
297 483 195228
225 41 180618
107 409 378600
31 784 492596
77 121 26469
561 827 266712
369 561 102293
221 476 580290
961 179 412655
265 637 37312
237 297 591125
718 981 76360
981 966 620504
171 392 3825
37 658 303138
58 813 423112
325 505 128882
646 931 425465
317 641 952932
29 597 459490
77 465 462684
571 225 226700
403 36 565865
909 677 334884
661 527 431950
217 313 771660
876 22 109168
548 642 874512
233 55 851792
17 105 16949
621 233 758278
951 126 19568
142 178 450358
641 469 655080
700 49 605736
849 859 997622
935 56 851752
783 485 418286
861 281 877926
697 981 178207
766 565 8675
746 245 140564
1 58 739576
57 119 842361
253 19 448932
306 921 190936
705 129 690927
381 689 393888
881 876 357093
921 281 728670
7 229 873886
79 551 892925
894 921 894090
654 922 43000
169 365 424600
801 221 108112
275 343 435752
119 138 36634
673 866 453856
208 695 711962
905 793 893135
639 827 1000440
196 329 363778
937 405 87828
943 226 654890
168 176 747570
1 3 13650
753 487 931104
46 935 209385
5 129 651550
51 261 449672
17 27 168694
86 411 369418
30 564 809355
231 915 525516
127 611 40462
972 603 282538
379 215 684932
766 179 67483
381 456 850928
753 761 90214
11 100 278095
201 241 188186
729 949 132572
249 157 951860
365 396 821388
562 607 327942
337 386 606120
314 884 14029
221 579 928710
478 894 204828
307 251 652068
747 968 823652
257 89 841670
69 955 968943
578 893 814458
597 503 522162
317 586 366780
596 662 10426
863 193 67095
983 931 52503
881 761 289483
673 145 57683
776 476 804578
112 704 526008
315 819 453708
363 961 478632
551 73 626000
726 626 251056
679 221 228675
816 725 274189
251 209 98940
64 182 479728
657 841 445976
461 981 990300
133 246 232743
569 799 190764
321 389 216184
626 912 304369
571 574 272882
80 907 661748
95 123 676280
12 28 349720
741 917 729951
16 325 569750
821 665 708230
81 544 2602
9 727 637992
381 656 582155
567 113 398152
9 41 277576
253 583 268418
313 388 616062
113 161 649432
181 780 907864
201 330 100504
665 281 814332
283 993 241101
202 506 962408
545 281 841137
589 993 199879
569 441 507908
108 521 946076
449 246 181570
416 870 140984
57 729 488192
427 600 245814
109 807 384294
777 502 980818
47 461 682520
601 536 305270
433 562 93250
937 301 240125
619 126 294632
190 243 505189
134 174 134180
725 957 752537
416 31 849736
55 397 894513
96 353 266106
895 321 356700
421 711 498736
749 397 748520
35 128 587155
927 707 326640
462 512 722960
612 884 32736
701 31 948395
376 432 512575
177 733 128544
147 611 588580
136 417 168950
581 932 990060
628 650 179092
51 385 517760
463 624 834624
649 41 770896
1 773 497742
81 766 279361
44 80 691141
266 446 65732
981 897 328041
419 65 145860
960 621 678696
612 757 690872
490 101 369993
298 400 610352
550 189 16730
1 545 508036
665 267 841780
623 731 337652
826 282 851607
173 165 527452
375 396 943095
413 678 446068
536 651 452040
1 37 452798
697 858 550280
481 973 943640
758 786 33588
912 183 862880
721 851 30069
273 165 203560
547 760 682600
445 700 92579
277 136 243904
325 840 632025
326 701 734160
592 625 483520
817 501 678010
569 61 169686
285 973 24173
911 522 22088
361 471 871208
201 220 894740
337 421 383300
19 35 572929
553 791 274859
441 305 337012
553 251 736444
626 34 980740
272 928 807260
689 941 840054
97 919 120650
140 292 48500
706 217 650082
106 350 910097
158 265 460347
676 959 657966
460 121 309392
461 530 289110
980 441 556655
165 801 644459
378 497 435176
611 663 518504
471 543 931628
14 154 236973
312 809 269127
79 115 404997
261 335 141228
321 78 348050
796 867 248390
541 581 63211
63 959 70018
40 832 462400
115 401 794450
358 176 669222
985 402 274150
745 697 277672
365 857 50550
841 737 27180
37 152 124754
513 576 153386
54 386 17600
312 535 657993
657 668 452432
251 71 18587
767 739 401420
691 761 443254
241 851 49610
197 156 9711
395 805 107017
69 485 547804
382 511 604550
826 1 55631
169 263 491004
936 327 11816
647 875 346419
466 419 921288
669 507 710147
431 849 661351
88 262 24351
55 706 75688
975 178 889960
239 626 526588
647 205 775326
972 511 828885
16 19 968000
133 196 773554
771 841 622154
426 579 755173
257 82 523072
356 541 525808
312 304 290685
460 425 11630
703 872 994857
745 162 269939
149 100 424448
420 6 938056
27 209 840470
551 321 347720
541 570 756050
142 302 848775
633 665 741620
280 661 177112
647 901 541540
71 757 700692
960 361 195469
189 509 983550
385 709 51585
281 729 709492
503 898 999380
211 401 241128
1 893 203556
209 554 835490
879 421 991464
550 783 195968
81 213 360872
215 197 358728
295 41 137304
676 874 361228
37 441 831040
449 859 73636
289 801 209726
801 501 678288
126 305 17400
77 446 669480
111 233 607717
25 81 191800
33 57 882557
292 451 769396
401 222 906656
921 351 73509
985 801 68005
22 852 314740
261 674 682304
323 484 338214
564 729 465466
589 38 494821
111 320 96435
257 457 40399
601 605 303255
75 284 380723
57 699 587314
25 365 596224
13 993 860790
401 156 652929
151 95 593220
150 693 974220
1 49 676744
711 581 882650
136 803 60688
626 47 997144
257 753 715165
840 406 502096
171 397 220428
529 976 943040
86 221 149890
172 159 71682
463 567 937826
252 327 591800
48 161 991592
673 693 976136
83 251 352350
681 801 257697
173 617 209960
126 545 362015
239 983 480224
301 351 370100
940 458 445300
119 173 180823
139 373 857172
733 673 78985
256 329 790480
477 713 519608
221 267 773274
33 342 977194
851 716 964200
436 84 62952
577 65 332008
478 802 408378
439 459 439816
901 173 666361
870 231 858852
541 957 331886
717 817 659869
101 671 294244
922 11 678918
374 77 565858
699 905 14256
275 385 750730
137 32 550244
161 445 22734
6 97 830594
370 986 602708
921 1 451780
377 181 214354
85 202 726058
107 696 783166
655 882 253750
230 829 684020
533 169 585280
537 147 515150
353 38 824196
84 338 576800
679 334 31328
106 226 964728
915 319 590736
621 267 178406
283 643 949928
627 832 943740
103 1 767000
209 756 750277
364 437 763136
334 459 346010
286 994 462035
531 123 911905
889 160 404654
589 213 655118
4 70 77341
163 207 758964
1 199 126093
361 886 720015
401 925 243960
415 729 513532
55 857 655960
677 265 126344
48 124 390373
290 102 808421
110 241 659116
113 71 188060
663 729 313792
544 571 33150
318 752 114647
301 596 359773
953 326 205210
531 101 809108
7 61 19974
175 238 501710
801 99 310184
241 188 214336
217 809 165000
825 513 149992
1 47 31696
301 587 424450
937 185 353688
781 801 659436
819 261 928948
233 281 929140
153 264 454446
893 191 713177
765 898 103576
541 691 159279
711 670 217672
299 435 390740
391 441 187535
809 349 561860
686 998 484812
732 889 799084
681 798 806696
681 321 65418
610 823 978563
753 935 62940
429 440 811673
545 926 538065
489 72 56264
109 325 959088
685 811 295802
661 470 284437
74 278 252500
23 101 810160
66 494 825280
8 737 336930
273 723 325140
452 208 828520
532 655 76414
313 141 87905
40 371 951296
109 139 446775
134 271 363768
223 594 244660
101 228 388048
830 953 702655
281 115 661352
344 409 655976
63 110 58200
347 706 947740
25 88 141000
232 700 6084
497 896 863305
235 640 4920
356 577 994498
113 391 282056
224 310 314254
261 387 69724
15 131 157099
897 761 757354
47 508 995760
856 937 320512
817 983 275411
9 39 875295
225 993 326662
826 893 854448
138 985 163827
278 533 561434
765 776 683048
951 359 96076
21 427 641123
1 300 720264
417 846 276790
737 192 844200
97 361 230900
355 786 424008
777 305 273284
118 39 546112
257 711 979583
136 682 123263
115 718 672335
189 327 609482
739 783 933530
844 193 285805
72 335 10940
834 242 646916
836 375 408900
203 528 248392
901 777 571006
827 433 921336
597 709 616505
546 207 906584
591 577 722222
516 855 616250
788 79 640448
93 831 970528
826 551 607121
666 785 710565
249 617 819976
307 735 553192
925 671 691875
441 502 849563
811 9 697008
959 898 766257
77 149 859438
62 257 791529
869 41 430780
429 737 421330
360 800 123050
380 876 331188
977 297 940215
155 876 354832
1 727 398975
469 173 282765
373 847 380334
93 345 938612
706 361 109502
993 106 558120
213 382 924040
785 301 287213
221 475 613803
246 980 4000
497 793 327700
499 459 999080
713 13 663960
160 214 880732
441 810 264060
604 728 487780
731 676 702152
379 399 614328
282 521 843120
907 359 676138
91 575 187399
399 415 660958
430 747 608808
417 125 814920
24 51 609520
243 349 509272
475 789 405362
195 691 914047
364 141 675192
819 631 387440
458 881 633264
494 687 493970
166 772 605160
389 656 149388
560 726 694496
391 901 859144
567 676 661952
101 111 6402
579 915 523906
179 428 98658
81 345 483835
546 566 112852
145 201 127010
201 301 270993
9 17 335624
91 81 275275
1 865 753410
301 776 150035
161 676 38542
523 195 10872
4 52 19928
557 652 793265
786 187 998106
316 617 649752
109 655 751372
571 875 515587
609 393 322846
233 426 275585
769 757 852809
625 391 22345
777 549 303464
227 988 227616
160 498 468336
265 414 959481
81 61 595994
141 688 832700
264 52 138789
12 618 515887
989 113 925336
697 819 812736
227 401 301286
24 152 701524
175 424 652236
29 618 716356
486 234 365950
865 181 353100
591 301 202293
995 301 553568
1 821 650893
254 406 361154
464 249 603228
665 373 219150
131 274 772084
801 919 797748
325 435 235560
294 501 719700
167 887 302544
19 32 76960
574 625 832164
382 517 877142
133 463 785340
188 293 896396
65 71 826168
881 750 8195
78 137 862627
585 251 910600
591 791 451205
507 801 632647
996 601 844193
443 116 13909
161 597 708210
36 476 542210
284 510 194448
53 875 930596
921 627 865892
688 501 75208
86 322 44410
694 556 969008
873 21 577547
393 40 768523
722 525 61249
189 87 790620
773 376 804540
321 337 190688
307 619 876169
347 565 47412
945 785 462228
16 46 835760
457 205 389337
973 301 402656
123 241 819762
619 123 57112
591 807 244082
988 511 968726
6 108 903500
39 78 703824
35 334 918344
881 801 646767
268 460 404880
259 285 673552
197 843 850586
657 744 777702
746 229 302550
841 246 781235
417 67 190568
999 977 787517
1 43 981358
21 83 121096
596 583 329256
19 673 816544
229 739 625932
982 18 64695
603 335 157327
617 251 578327
56 929 447550
377 732 927194
570 936 877890
996 303 404470
39 85 711608
601 649 395922
883 236 852256
87 306 306329
47 613 15881
381 343 223656
236 151 442504
145 450 418450
601 193 776402
10 612 705242
220 653 913919
71 368 305394
987 968 807642
613 593 609000
168 126 327125
53 177 930226
81 191 118837
579 201 789480
161 503 402838
105 474 93140
510 673 310640
251 729 779016
70 462 269710
201 228 955600
286 366 181260
872 420 684352
39 548 437160
52 286 965142
56 187 315440
89 691 507564
313 495 875187
412 458 561850
832 482 299585
85 96 835488
33 139 744327
608 795 149440
328 194 331340
449 603 572009
944 793 238431
673 409 730702
771 627 428305
985 1 89616
209 574 668741
355 575 992100
127 674 28472
96 282 229504
165 95 361139
225 245 807115
467 52 606134
260 126 680579
78 239 473867
480 711 472234
605 457 770750
57 255 636606
305 869 644056
308 627 897000
116 317 495018
201 446 973003
539 801 755521
621 971 570312
345 273 488745
121 995 940473
137 164 734624
27 486 636808
931 406 652705
856 747 211599
153 445 148120
30 409 371861
633 881 609736
19 92 458244
871 373 298324
883 937 461255
837 768 289770
573 678 53274
13 50 168810
781 229 160844
87 584 230200
72 416 920307
9 325 546630
861 348 229160
769 75 275976
357 444 571330
957 556 852290
609 449 474122
111 108 427328
401 633 558500
209 273 862580
667 786 15752
969 9 28496
37 997 1913
481 623 521909
469 841 868600
594 838 498448
69 401 984192
65 639 664635
61 66 344884
236 161 568768
54 244 690195
833 145 519642
33 822 378088
156 197 50143
137 879 28894
377 824 599805
551 965 85298
366 937 772215
611 277 660506
252 469 340775
85 211 879745
70 818 675545
15 313 435972
135 730 415316
568 846 549456
457 81 276525
256 41 98440
638 819 741120
993 449 953640
618 451 1050
282 402 614591
45 716 312648
939 1 176843
208 698 739060
117 172 370216
519 351 106840
948 176 693037
207 209 182755
851 857 523816
379 469 155173
18 621 671299
462 817 854482
737 814 757740
5 7 683693
967 849 150190
74 224 56480
1 948 713200
897 497 978621
213 489 863162
476 106 504040
337 75 730542
142 150 270230
961 128 94361
589 616 117416
182 140 41354
386 862 621770
31 255 260463
501 581 898246
401 419 504997
36 753 333573
433 523 465978
127 667 477128
87 963 501166
930 301 716490
49 818 473992
59 183 384484
729 338 814433
36 308 17084
947 601 135687
629 181 852970
94 540 408460
395 425 221062
91 240 486210
686 94 902936
375 209 401088
657 306 227300
971 145 407264
351 911 994145
951 525 515300
381 1 378770
52 403 815824
877 271 92042
4 26 712602
708 842 589475
699 221 292875
114 227 750840
13 67 977397
341 353 690875
766 571 903621
113 888 630000
137 921 301740
623 706 979338
725 516 122764
655 99 675156
721 1 687792
57 225 865755
173 529 234317
851 536 340480
880 705 531580
873 577 500102
676 939 836075
451 381 606245
969 639 480540
450 885 911032
413 580 61123
476 957 445800
805 941 408312
724 29 294296
241 283 404372
317 932 49841
985 582 813458
477 785 276949
831 810 491880
129 121 725628
878 757 530271
243 734 548597
91 521 928487
593 817 541865
828 473 505996
67 845 868755
673 241 167850
845 651 907270
361 397 94725
713 939 946760
3 12 237470
117 502 816724
286 363 656540
461 877 913560
514 949 357644
241 673 28934
328 785 121725
356 765 563902
409 649 164120
953 771 832850
55 881 22270
181 631 512808
261 931 963745
747 896 964936
286 127 174541
305 630 345992
101 491 43192
121 427 417710
661 27 935392
238 812 874495
793 816 832584
873 941 553312
296 147 955984
588 915 895188
129 374 649849
878 289 637385
236 248 631146
511 854 885260
241 641 279440
674 1 315616
378 657 261728
607 107 119759
29 801 950760
783 921 431770
831 862 781080
295 685 699001
56 407 13540
409 736 504479
253 853 378868
399 747 679512
277 482 697344
536 211 660510
609 166 255240
429 221 484328
298 614 501902
1 22 112560
301 261 994670
131 421 168762
213 933 292375
65 13 495361
586 677 606768
647 829 891697
761 54 420238
61 841 435809
79 601 170232
270 644 603902
10 14 577750
766 856 176749
561 876 129265
172 715 932296
225 871 335232
601 654 262216
189 485 25768
25 116 563233
553 186 335690
618 868 171880
188 630 92491
505 557 401760
1 473 416196
299 901 756472
33 369 67220
246 465 443608
751 14 989864
108 477 839772
101 656 548756
781 805 626280
23 30 162325
100 114 633284
721 693 625642
869 901 664361
25 766 160150
154 981 100770
323 545 438228
581 259 961451
1 589 587106
217 330 926104
921 758 62366
164 974 85575
913 497 323375
532 347 189772
162 764 863084
143 195 396079
6 713 629944
521 461 796792
896 129 306272
179 274 332488
413 566 174192
77 210 882951
161 221 66516
621 233 311190
775 461 964220
788 185 39768
195 635 823780
983 993 370056
695 197 471037
321 815 514136
411 489 548800
205 571 255664
1 713 429671
985 689 700606
182 300 457624
720 984 290840
451 429 936344
695 891 402580
549 493 187780
5 259 448032
571 393 930736
771 918 523752
306 524 55764
1 367 300987
679 221 208580
619 30 915560
587 193 465452
401 694 45528
596 476 621620
192 370 683738
318 552 648008
196 391 700404
499 765 371918
66 416 950273
464 629 345048
653 547 815252
743 309 829208
461 265 267002
270 462 446032
548 649 750080
103 647 445800
701 537 467202
689 122 580580
167 233 607671
4 209 964696
621 248 261709
133 377 563951
181 57 458020
22 31 781028
921 601 127360
491 533 52000
926 603 325380
301 723 47320
35 205 166575
97 929 962431
290 193 338976
837 75 314626
841 715 133336
991 809 522908
884 817 25916
129 237 670546
644 133 902942
446 307 752074
593 161 442440
83 222 969322
253 419 878844
7 13 224500
990 163 330600
985 613 973854
891 256 301850
305 409 229972
513 75 29208
783 570 243056
1 131 729517
615 660 775139
513 729 878568
864 185 653606
847 906 954884
65 68 422988
781 361 838098
346 421 5712
874 920 812956
91 606 2856
19 33 497553
794 388 933968
41 247 791360
383 515 805758
431 681 561779
817 651 334632
303 580 180657
45 251 296502
513 803 237294
121 359 869924
5 722 310249
311 61 162509
561 337 205630
129 549 139161
841 784 315280
545 111 231035
451 15 76880
501 541 903625
318 521 421952
339 441 441488
105 505 121367
793 315 152628
129 369 207264
598 379 346857
500 801 750580
485 665 814833
989 399 676120
942 725 721100
801 433 485400
238 803 983280
460 281 102152
561 945 680413
657 913 568520
111 122 342720
297 921 779690
207 663 161594
289 915 486122
371 300 97880
361 745 941907
751 891 158978
929 1000 907432
285 895 950470
844 310 585780
66 373 908488
856 386 996196
192 415 970080
901 122 238592
151 805 23670
285 714 588732
99 344 968435
209 189 564408
313 665 754630
919 639 814953
647 633 980322
615 460 71172
123 258 907716
441 821 154850
465 468 66582
729 957 424654
282 857 801269
180 579 473595
886 625 183848
938 225 284430
963 278 600908
551 448 617582
256 621 206883
410 41 544380
205 664 765124
92 161 686665
30 34 486120
641 568 558995
43 379 254350
564 101 226650
325 787 826790
333 810 32331
905 633 598480
205 83 691330
240 11 77192
178 586 912540
135 675 570024
686 891 588934
933 945 499250
410 572 523677
195 989 370270
106 789 804722
145 15 653996
521 562 797012
713 934 224940
342 452 765858
980 991 90340
521 963 596072
325 938 466861
66 216 21132
9 93 586094
458 654 873488
707 886 425262
7 91 401548
161 793 59854
46 989 150308
351 427 981691
271 522 37963
455 50 553500
269 248 26220
88 956 21784
357 497 370624
217 929 35798
741 377 338936
485 565 777406
561 383 746361
182 212 344240
669 357 74530
286 520 646313
205 569 50500
139 500 304460
49 537 319290
393 427 901498
131 495 705082
99 841 231760
965 657 276680
127 751 187980
936 479 176130
24 17 304778
7 175 795596
394 863 536088
442 581 794574
605 11 160988
901 909 116879
85 369 348728
549 653 672468
566 997 304950
953 974 692882
435 116 45006
801 967 5840
817 586 273918
582 608 420403
676 850 394701
229 569 547112
954 447 22698
127 986 178124
641 555 840812
477 746 536738
105 209 964031
443 998 132336
326 570 344756
106 135 499570
113 777 52965
343 455 451240
393 585 836345
321 902 75740
557 723 11254
105 474 473218
551 476 590830
441 146 396283
600 808 263400
866 969 647605
161 690 740200
861 79 717608
301 679 372875
279 745 66088
751 353 649943
865 883 297873
68 201 998248
701 613 450655
438 614 930974
75 784 476842
102 159 484408
801 771 207678
62 69 210400
209 996 385112
751 417 642580
661 429 874050
59 373 884160
235 779 333520
129 454 445688
153 252 375947
660 860 809465
189 372 815718
105 337 12841
249 501 693918
258 575 806144
961 173 794040
82 219 910744
671 997 966244
835 783 568450
329 785 984930
327 962 992487
433 297 378530
190 535 822934
46 56 981819
718 185 480406
101 330 483288
967 720 822212
601 794 410188
415 609 913779
75 311 410092
701 498 918690
815 251 164344
491 381 223535
56 74 354801
496 749 536773
594 213 529120
299 620 874435
361 735 63558
861 67 187052
945 45 510500
31 591 996760
336 941 865548
249 844 489972
659 801 284740
623 943 946576
187 192 787912
171 67 530766
267 65 500736
297 538 133120
168 633 360878
625 457 100912
606 488 923816
213 396 271644
100 181 187652
479 131 352377
697 627 587448
134 234 703470
4 10 844252
841 169 623544
190 930 859019
509 651 505260
37 147 748360
689 863 357870
301 321 726452
116 513 965350
639 703 117583
31 725 954884
851 281 48868
435 21 542828
297 529 438433
626 525 960768
917 271 798404
125 546 54854
421 744 330200
449 837 69885
372 890 129194
725 601 488236
632 13 747188
51 438 941701
51 126 972220
241 946 474341
576 601 759140
562 505 688700
557 769 948859
431 163 806658
11 864 578684
546 1 809675
897 605 41968
826 526 575318
397 605 355522
935 303 327160
677 285 159700
246 125 648928
485 282 556225
617 381 661392
407 126 681552
189 977 25333
982 385 974206
993 721 439971
933 212 559111
5 18 560636
617 945 416096
485 46 503522
670 900 509274
949 34 272226
288 492 45192
399 30 500608
825 121 26241
285 305 415990
22 148 180148
512 276 47864
885 441 531155
578 201 9050
1 236 315215
481 959 835512
777 413 215784
999 724 283008
773 229 405080
991 469 440596
382 403 344828
191 971 428858
385 598 664580
61 536 541572
289 868 369420
893 939 975826
351 353 826232
679 176 25330
158 352 198224
19 44 961750
136 411 577648
154 748 511198
165 81 512444
26 749 622375
685 692 369656
826 751 841768
179 549 69034
701 571 740056
42 84 173838
279 69 687295
513 593 211660
783 225 807974
293 80 402460
381 37 389753
673 163 214912
561 71 573180
537 599 987985
217 375 832492
53 489 335290
174 340 850197
210 362 97160
14 833 781820
202 751 432496
22 940 910280
57 726 801096
135 639 716500
521 383 39305
426 855 682120
49 541 749184
972 95 724841
241 844 71205
186 1 653041
911 821 589622
230 821 310640
53 284 601308
591 960 121550
311 849 172300
419 714 821644
971 320 658660
253 826 50568
185 249 297860
301 269 367418
918 22 704280
204 283 912658
439 241 529848
89 211 907628
526 489 97839
178 210 173996
159 339 266352
61 867 166334
469 493 989475
431 201 297894
530 820 942048
305 385 330648
225 121 313044
121 321 38707
926 406 719482
334 645 99124
331 717 790376
429 74 589591
46 112 504090
591 396 721670
870 629 697749
769 705 412568
33 38 898568
833 1000 177248
981 177 110540
953 177 245648
41 59 293260
431 546 748660
210 328 212768
446 944 503300
286 2 95464
39 348 952378
637 463 821741
198 879 764113
337 628 314820
617 687 691109
263 761 730046
74 754 4276
929 401 402384
37 511 127754
268 914 424933
216 571 474808
81 821 288272
1 109 42864
422 626 156855
62 651 895769
425 141 338392
541 989 788552
339 796 26032
222 81 57308
707 945 615496
369 721 98009
2 20 711232
133 51 12560
209 889 183769
241 136 417975
961 745 670042
38 198 812000
380 805 884668
441 921 967035
931 817 904688
921 36 935568
193 117 883315
357 708 451483
668 719 917028
250 41 283285
601 621 990040
269 464 808446
217 569 957268
589 843 543102
528 773 413675
321 851 733738
400 499 719835
423 863 56100
283 421 409862
424 441 574196
284 347 548288
609 41 620652
131 182 866490
97 601 603355
983 577 678040
376 827 531907
101 785 434276
107 39 561650
220 491 725586
92 156 403974
455 938 833450
701 97 983688
60 876 401672
409 616 463336
165 927 825560
971 133 902740
73 94 605740
311 137 839341
514 993 335888
184 817 363085
46 889 727390
751 766 590896
577 279 946152
1 294 544760
918 209 178440
75 481 631561
325 255 168321
369 777 997442
385 999 493656
330 518 987651
316 289 998142
439 599 223836
146 772 958232
257 501 578928
577 699 102856
751 637 1560
465 431 569175
283 992 512126
51 458 522536
647 153 219016
881 44 424320
641 187 561870
106 481 205958
317 137 979301
104 419 713532
5 144 413590
316 351 494088
444 762 180057
299 507 735561
115 31 379394
855 719 14770
231 411 730088
23 387 213000
155 835 314752
81 878 620096
509 1 111135
585 505 976415
85 206 900050
673 133 353198
374 422 272630
603 695 932338
155 357 459250
298 106 322000
326 610 221860
926 220 697925
314 221 878858
41 285 822954
166 527 345848
198 358 914750
601 518 914410
771 56 139498
484 417 643875
64 669 920564
10 54 939493
44 208 646304
772 814 834653
422 545 284584
178 412 145374
869 817 900892
156 298 581380
1 268 2326
398 155 627630
209 95 678617
202 604 108212
952 329 594772
77 113 181720
58 874 388994
262 733 492550
389 916 456735
770 276 975062
531 805 801388
313 525 892827
13 561 80936
535 773 219976
297 659 511300
430 97 889000
693 921 320382
736 317 765650
243 122 936446
425 697 65020
499 861 129305
705 584 485208
19 53 821300
966 761 864693
611 871 441059
712 925 7440
785 385 850180
13 713 415478
415 651 418889
668 721 347890
941 46 16724
337 209 24584
129 549 742000
369 423 661390
163 86 503500
569 629 209630
677 95 773447
164 312 993250
29 309 730339
357 1 311735
649 685 328170
220 296 25400
153 723 227286
37 926 968442
460 873 608940
145 171 139992
440 638 672362
73 743 33606
161 770 605600
56 929 694075
311 771 495894
658 13 191810
676 419 876810
463 848 675460
396 661 855306
31 708 40080
544 781 26088
553 9 240680
953 609 581100
541 629 752547
121 145 740342
269 1 46950
2 230 952448
682 694 701340
461 361 530543
113 120 812532
497 230 362456
476 621 779182
470 657 535520
551 751 484460
631 630 712028
339 901 464744
641 737 974210
949 75 392672
881 633 477710
988 641 83558
221 41 677852
436 139 873469
689 865 312244
1 8 762082
94 184 339120
369 863 126659
285 41 87176
721 562 711456
644 925 576010
10 162 999460
191 577 438930
602 876 442320
347 437 369365
256 396 83913
602 841 156625
209 723 325418
248 689 998152
325 84 442973
1 589 929818
845 301 210050
950 641 411688
381 938 190404
260 519 161284
50 76 315395
307 331 401570
124 817 609822
508 590 301690
783 124 830820
321 184 497341
811 807 564611
105 203 825512
511 616 367133
871 233 363953
678 906 222832
651 329 592947
817 571 798990
932 897 124172
408 582 65264
44 102 814904
108 276 531960
520 865 128840
277 785 88282
46 89 828540
605 986 778269
121 403 914536
925 501 731924
249 865 629630
27 464 780536
453 497 166474
81 753 556565
59 144 911176
641 311 291502
339 730 429655
1 828 824855
953 429 282318
637 955 238172
283 987 759203
326 487 414073
100 603 263439
359 761 340354
197 555 434160
60 75 640069
703 721 386900
247 632 849874
409 479 9978
451 505 497510
335 41 956680
526 573 237608
81 146 964822
453 113 689439
328 790 248195
81 141 80280
487 493 961085
115 688 854370
176 217 498244
439 919 798248
929 691 939480
186 232 883096
341 465 776212
441 875 190984
579 61 683322
71 95 366634
762 601 345480
831 611 913762
326 1 138584
671 457 278352
553 225 196648
33 235 138503
985 21 917900
17 23 714877
327 417 769763
61 601 266480
741 457 427592
326 516 635038
148 391 688792
333 981 58192
673 681 254301
330 309 796265
527 826 424181
264 686 187866
752 867 28212
21 533 815196
643 724 978339
126 436 84011
381 863 830492
8 64 599694
311 77 128770
721 151 533440
21 649 688808
489 776 798495
761 189 650119
471 679 835543
105 650 107484
839 621 958264
1 85 481505
357 413 71320
913 288 802528
906 629 236088
73 337 626944
839 251 716718
198 942 809622
977 990 504080
296 320 251648
490 738 602784
174 319 663426
820 86 888320
545 969 544684
7 290 715376
144 472 344488
209 461 126518
171 418 97170
114 964 501909
121 201 906630
351 375 233850
45 395 982183
113 606 813336
391 341 405998
70 41 983066
649 291 736905
296 901 364092
66 107 951832
201 89 4661
109 793 814852
356 51 201743
93 11 870545
401 601 495812
161 573 917928
24 139 702610
25 811 65858
294 378 439235
999 360 906444
525 212 308974
963 310 225625
617 501 700791
80 561 928303
171 256 950936
166 974 98400
395 201 129925
13 705 78608
926 557 567670
134 390 483248
805 910 7419
216 623 546352
225 641 583685
751 581 416467
1 964 10531
969 455 67606
39 48 520710
47 169 534420
689 81 60750
697 851 340140
781 542 537724
841 361 532120
111 502 808848
421 777 344524
978 631 144130
945 337 129416
98 689 45216
16 216 337200
841 961 317776
346 904 914670
519 497 394816
295 467 56328
59 903 166904
287 532 966540
173 673 518328
224 272 952609
127 188 250726
166 978 595865
301 906 730034
649 817 756237
217 250 33456
741 476 258152
751 76 680183
447 541 77348
681 882 789125
866 266 902323
163 217 250872
56 940 1000328
70 65 930926
565 393 63140
101 725 282880
421 141 95904
691 469 513360
201 29 449280
393 573 99376
45 219 646310
188 354 966575
760 449 840572
97 919 475450
751 834 168816
443 387 963950
508 989 336018
371 424 52284
935 175 663266
129 851 530044
121 796 214408
825 924 731304
761 5 974720
841 956 423596
923 809 408170
352 501 560300
290 314 902412
209 262 138948
687 513 155170
181 781 558787
265 329 287612
821 369 909130
297 289 647240
201 789 386858
303 195 678510
399 734 650296
889 595 897290
999 261 326578
161 36 548248
135 203 514227
532 934 548718
763 1 695884
361 447 95384
595 667 715676
543 701 193472
645 41 415400
715 982 874298
141 218 766594
486 646 120116
70 134 567048
936 665 116310
737 237 868822
1 15 245260
115 41 524904
505 913 86104
393 877 114224
16 21 937332
17 42 332680
81 61 508582
817 971 794953
518 670 764068
326 106 468794
333 233 25196
41 569 879743
241 542 840552
897 925 848787
322 952 891460
308 421 756380
731 439 793561
225 127 46927
121 477 714238
182 726 497920
730 849 80225
25 201 615688
397 585 496944
130 115 632710
598 697 941520
444 576 992020
8 346 794641
9 991 869698
343 701 574640
451 556 734031
876 766 32776
986 97 117285
946 373 871442
125 130 462556
486 966 450194
173 636 546075
131 366 771353
329 924 652752
147 884 300520
311 819 426576
523 894 79985
829 717 869669
389 705 413992
277 353 351500
194 324 749236
298 317 563200
323 615 148170
373 683 219596
17 98 302024
5 897 587032
98 275 450360
611 29 566552
913 146 353420
257 760 803000
612 649 625038
571 803 681900
123 422 141256
906 753 370212
549 686 458296
886 673 494651
768 917 847496
996 257 6525
116 81 589320
23 267 172454
232 957 625895
994 603 28711
719 423 706516
455 617 570212
549 641 734472
291 663 968600
329 741 881188
3 29 700015
43 416 642750
80 299 566015
464 404 407912
250 750 335048
831 229 513000
463 531 895257
470 692 874925
85 325 10188
341 664 875750
417 91 233880
301 625 937128
136 1000 402640
505 325 726978
31 136 647298
749 993 409605
64 118 491040
265 408 10236
587 732 532908
350 722 842779
273 497 247757
27 287 609186
261 438 772695
273 465 703832
525 539 920680
46 573 314324
993 185 109493
41 279 236637
703 545 544760
461 917 395976
710 189 478116
711 649 284125
85 712 355541
453 510 930845
661 851 88177
499 737 801838
458 885 245696
501 755 627369
44 478 775336
731 862 5864
83 143 13530
8 623 355890
3 97 861022
25 896 208695
703 53 637928
342 374 177668
199 353 791896
61 888 47956
445 435 166976
345 351 734288
415 447 366174
779 753 782179
112 503 669141
825 107 970856
401 580 948226
751 329 942656
499 610 910324
1 927 503286
997 66 324040
315 333 547750
641 703 89440
651 226 391191
29 63 918936
141 112 878815
121 165 225940
526 81 104425
489 92 260886
248 702 113225
971 224 396020
261 601 225835
122 521 216296
760 519 232068
241 975 552524
25 145 422456
596 309 312224
340 556 104424
412 89 179040
801 736 257990
978 861 37860
885 297 708592
376 949 347580
127 185 906455
533 827 754050
441 771 553390
601 575 505664
404 838 83880
901 825 210172
649 381 647474
265 325 48564
937 786 980864
343 1 596685
439 922 96598
817 175 55711
876 765 428240
176 681 356520
36 271 995154
49 911 160284
264 173 720401
796 431 118088
483 587 9102
905 831 649800
111 381 611400
299 326 507528
809 30 458410
73 133 537960
151 389 144040
43 45 178490
536 771 544657
437 243 440874
73 457 848552
971 160 908158
681 427 736050
628 887 525389
689 57 43314
201 681 980200
244 311 173963
785 839 190327
439 401 268814
865 900 820670
383 613 600364
363 537 665729
833 465 624985
426 527 156706
624 236 489000
114 513 783758
998 451 833037
49 451 698870
673 995 544220
706 113 233024
229 250 109455
861 785 147880
449 246 756368
178 232 735364
317 221 672873
670 823 773066
677 826 254636
361 913 965180
329 337 1930
73 749 389813
122 603 707772
840 948 703860
148 157 256278
93 29 346680
297 184 209026
939 985 634116
297 441 266572
758 153 248636
73 987 86185
369 449 317463
317 396 945480
341 585 162000
554 696 60489
474 661 413979
28 123 879959
44 176 177976
726 905 191892
117 422 693170
61 855 730608
865 833 362250
489 681 773108
110 768 54748
291 865 268056
126 143 479762
633 146 470372
911 421 316891
280 775 915349
3 60 522752
178 801 4863
847 528 330412
721 281 567297
385 973 140486
21 165 815592
62 840 202688
201 101 156792
9 86 824000
175 430 617760
16 778 931432
524 672 246200
154 649 69592
401 801 561360
41 806 163740
161 365 820210
825 517 393975
813 938 284390
771 161 720732
789 201 319234
716 451 439740
318 466 563500
601 117 143534
595 353 879400
354 356 892472
169 270 112245
29 841 582820
745 401 259632
202 231 627112
476 779 968578
998 225 659036
135 656 4819
711 139 522298
61 65 429948
413 501 382464
298 475 545145
289 843 487388
52 142 369050
336 81 902000
301 765 32992
94 872 473860
817 165 365200
305 473 219592
111 603 66496
950 300 808000
929 556 314582
401 376 361390
561 89 830294
337 605 686484
701 689 373908
260 467 163215
945 31 6638
264 4 466725
290 341 988473
592 325 205800
350 249 743705
925 765 441350
257 961 294607
788 609 647380
950 812 10359
187 266 208925
781 743 260692
722 271 482610
951 185 939890
45 342 124708
861 949 538774
668 813 786878
705 41 980734
641 976 732272
425 763 975830
41 86 869024
351 697 396735
262 307 118348
439 613 715706
151 932 304218
168 796 121972
907 685 304600
294 917 419308
145 83 968458
777 185 738118
377 864 867616
549 617 67416
153 893 648375
793 936 829931
505 499 755813
816 543 928396
666 785 132440
1 877 210852
110 432 888825
567 118 724640
336 921 214255
645 662 265420
341 82 11215
946 629 346466
357 309 61040
331 441 345678
881 137 159818
1 239 190292
451 321 734690
201 492 521956
1 2 388994
41 639 99176
901 168 705720
193 671 256010
142 758 825654
681 451 115106
713 779 242700
927 186 458586
498 149 217038
151 559 190760
910 273 457190
641 642 76075
386 309 780291
81 601 847630
789 417 153016
731 521 715468
73 797 433750
121 260 193930
221 254 552620
537 941 27408
69 395 11952
189 53 994650
54 57 616004
562 134 226056
779 516 347868
33 161 822652
205 488 494696
389 829 856019
221 727 514891
549 705 266734
249 253 277665
137 243 110108
55 360 222740
141 474 764880
505 773 74888
341 388 536092
162 113 414008
188 442 756170
128 112 351272
994 733 264740
66 389 459550
155 449 923651
93 589 573482
334 895 3528
199 225 255300
334 6 114222
131 662 77773
363 534 134669
601 756 683260
15 167 352774
457 931 599912
482 578 294132
925 831 989248
166 543 837084
130 883 163915
50 180 583942
687 825 290560
531 773 360470
313 376 960990
843 1 322574
31 564 324118
611 893 297600
757 301 908500
99 351 172472
431 761 531688
785 257 5100
179 521 105460
441 63 656314
3 431 628490
57 336 800742
844 201 646497
410 453 517762
234 236 220127
57 589 593600
137 429 860768
981 262 153150
664 115 496466
17 189 896973
230 375 802860
470 717 260912
829 25 493804
361 553 89160
578 827 35200
86 186 63440
179 76 353560
417 921 559930
13 921 424584
473 15 863824
337 376 869770
668 698 480784
191 916 540216
589 637 302956
701 771 248680
868 807 757696
988 816 844930
577 853 506570
791 390 753554
141 289 7179
161 329 784365
307 429 193311
23 55 439146
422 673 324548
468 737 71127
233 630 543144
115 265 674761
65 397 506985
956 177 43242
229 526 809106
176 845 87144
415 991 779200
268 398 488965
385 727 912760
11 809 428210
97 697 936411
332 45 301260
151 158 332312
572 851 848936
517 881 283720
479 626 117489
254 364 961979
573 263 813492
787 468 22960
857 173 3075
741 602 547840
97 557 515600
591 855 744148
241 321 969130
523 914 731320
381 15 925672
432 575 474498
290 491 241156
101 705 130022
122 801 463741
349 481 572820
266 201 870680
199 899 824296
395 785 442875
565 113 575417
227 730 452573
397 792 466280
1 5 930340
585 921 2450
976 541 194060
461 969 453639
22 291 728830
625 873 481550
618 385 794015
715 565 661504
444 653 375969
657 869 757196
741 619 969846
918 371 49496
589 953 868702
305 801 799451
605 153 394250
831 553 859255
33 161 736704
929 283 778744
353 488 330979
561 793 666344
673 520 337395
103 221 317144
425 792 631978
943 90 643110
98 89 785481
371 804 506000
81 591 730020
329 698 336200
989 705 805800
60 215 114383
905 973 810179
183 201 488360
335 581 445415
290 320 454728
712 738 456488
827 438 835824
501 628 485050
41 427 149736
33 168 833084
641 513 343873
251 65 360282
207 413 116117
657 33 511960
653 41 308250
97 771 105921
593 881 478483
93 247 741881
194 22 366080
451 213 407338
551 967 774854
129 481 197675
386 510 919000
156 224 79621
439 967 886430
797 1 979602
143 193 122820
690 385 852148
921 312 635352
987 745 718416
311 945 656420
575 408 664136
781 737 512072
301 237 823576
42 581 593147
641 430 967375
236 542 6088
415 258 64868
1 15 456472
788 185 108750
281 664 466488
161 707 687841
369 756 171992
946 525 833477
165 389 788670
471 841 317064
831 377 778318
181 253 385671
232 490 905360
586 271 804224
701 920 973126
529 661 60312
185 500 105768
797 962 186760
547 529 332890
371 460 359497
881 183 696732
451 504 331136
959 18 940448
646 704 671974
497 603 186032
281 886 122484
378 954 644464
553 679 603709
451 313 172787
9 36 556959
580 588 905936
50 72 1588
153 269 604747
127 235 784148
381 155 741704
298 680 769826
367 753 872464
627 1 550820
121 633 208134
656 163 917547
295 709 843126
539 942 88256
651 940 374278
176 887 430100
321 984 345112
221 454 970110
244 582 319228
1 40 295346
409 41 140496
561 703 448092
171 978 449320
860 21 229162
276 446 497126
56 168 500244
196 902 537223
769 843 723680
921 487 9184
561 617 479885
7 634 368493
981 625 121532
813 621 97041
975 252 222404
566 766 26112
626 257 948485
457 311 193440
142 486 603325
79 493 653862
639 684 332902
259 382 122994
6 127 295618
545 627 151036
137 895 956050
729 733 947872
60 336 978218
861 743 716368
609 426 716660
601 579 451514
371 159 737452
409 326 683878
173 221 916110
389 926 406400
628 44 863638
108 345 330670
33 201 131525
592 705 314171
304 522 525630
799 551 519480
505 376 886184
933 640 942080
849 279 325950
695 139 894600
445 571 600591
97 526 759847
681 632 397727
4 16 129010
118 151 816707
420 444 139230
331 448 942529
25 465 223868
892 391 904289
380 661 951736
945 940 474960
166 90 902142
49 415 574710
944 300 781612
931 377 3204
728 480 99095
299 763 654800
851 823 829704
100 670 578744
273 920 556372
679 613 195020
81 393 105935
125 559 584344
411 235 754568
301 399 662660
581 973 131956
190 909 293152
63 87 938776
873 21 504853
292 304 424504
911 981 767670
800 902 699560
401 861 684900
49 845 469970
122 816 929369
298 829 192488
123 442 592373
296 496 431903
218 757 906424
510 774 694792
467 503 576703
57 261 598031
922 341 61825
705 506 106200
238 316 122050
445 661 960893
80 103 406644
706 648 983290
265 713 714511
665 906 825082
632 939 647190
791 964 991610
551 151 139904
815 85 819900
152 179 345156
719 346 234882
110 694 358638
447 481 589606
145 73 668920
298 56 785697
22 24 682359
876 638 896600
300 149 14665
651 690 442660
932 956 496060
165 385 356660
7 129 278370
726 559 898400
313 177 63084
713 301 68602
195 953 127009
1 221 609342
931 309 171620
209 465 475920
441 669 802025
286 128 763352
82 154 553056
16 90 274820
581 301 941142
927 817 54460
197 631 488808
231 651 263220
424 576 539970
126 291 158586
84 828 31138
786 53 272185
101 385 778236
610 165 735473
142 915 737328
660 309 517696
397 965 423227
534 901 344875
729 988 595003
161 242 196472
146 714 775580
588 973 639454
1 951 751176
835 903 152876
150 969 567627
622 720 978520
817 701 575675
805 912 681096
201 605 432589
905 308 839501
237 359 975588
193 563 75665
164 151 647284
126 280 576898
765 541 166875
127 288 625580
40 82 186202
60 482 760810
23 534 879529
412 592 748756
262 355 614107
609 361 231080
157 674 440720
731 956 685868
120 817 812708
640 505 185272
10 558 839222
392 833 905872
87 975 141732
697 923 37793
52 277 328286
100 541 713918
967 231 792825
93 629 586770
944 418 991352
873 733 162055
981 539 351162
469 521 308205
475 797 916804
128 223 891657
193 383 97254
323 423 962813
29 59 377327
401 469 457803
874 741 768200
69 434 243680
80 529 966704
251 337 152776
245 791 885012
809 195 967149
233 535 464698
846 631 206528
24 194 863451
511 351 355452
531 961 291343
108 155 383000
24 25 310094
483 749 278775
725 393 246401
206 814 130616
445 313 786362
151 163 691652
623 321 545220
819 204 249908
937 449 799432
42 104 409532
691 851 713396
751 596 5228
703 881 96674
191 921 956532
481 125 561830
334 433 895845
168 321 823355
260 470 70766
204 217 309786
717 806 677736
1 11 416880
661 861 689000
647 825 326970
1 62 654446
391 443 409900
1 970 205444
739 985 82429
115 710 366619
846 615 874000
767 783 307439
712 127 384384
1 4 103641
129 413 343522
1 645 521350
342 545 624676
839 457 392052
85 972 635944
569 305 38495
237 53 534760
705 41 708608
823 976 161900
531 601 279188
935 581 963512
221 547 739226
569 41 453528
281 801 457391
56 106 239434
911 893 281246
52 65 363700
307 566 771421
46 972 510968
101 483 208501
404 997 180598
235 201 877446
757 907 182859
555 377 643715
684 553 376986
305 381 660400
676 657 371994
353 525 491149
701 27 810378
227 566 806996
701 951 751388
437 963 353704
61 190 681716
674 657 689064
263 269 576626
8 666 925268
545 35 858728
201 571 725964
609 876 780220
827 406 228552
49 73 270354
455 547 305838
561 613 548932
709 733 367640
282 803 754006
1 270 952056
351 153 912895
1 900 598850
13 79 678117
440 729 138216
460 742 218728
585 671 429475
376 600 155485
876 309 981420
554 14 691440
751 393 1544
268 384 529538
552 931 563074
87 315 709376
353 721 468360
859 523 155476
63 166 20980
285 696 571625
407 107 643114
283 987 78444
305 746 80725
121 491 364156
100 109 364642
456 471 561570
426 908 357831
290 238 724264
210 581 146684
477 979 596510
373 910 517066
611 621 272455
454 769 894744
270 602 210924
672 805 324672
531 573 87964
429 609 275048
42 727 414780
54 391 189220
309 560 748488
314 489 114067
571 622 252308
824 939 451704
853 377 808125
349 781 453284
881 867 499960
897 578 745109
801 723 512449
167 406 159328
551 782 731816
233 332 185370
66 780 698777
785 894 972000
412 619 526496
551 305 334134
391 989 820740
929 491 333809
609 991 274660
533 791 124518
503 921 165666
355 1 16748
621 947 712775
185 146 2040
37 829 123924
124 200 718888
213 179 198036
309 991 59000
262 644 332290
21 557 596616
49 923 870358
584 896 91786
913 990 255491
777 715 188388
493 245 681087
334 345 141406
793 281 669770
539 921 886874
72 170 950594
413 451 38880
824 958 150117
11 231 988356
137 394 289259
636 301 181889
71 99 700580
84 638 710452
637 880 285656
915 229 281760
484 309 133448
13 610 351966
731 165 870850
829 746 232485
117 475 572967
33 461 810750
465 467 352409
857 689 413628
759 257 10941
535 965 501330
64 132 453908
107 405 975254
3 6 192724
737 716 984190
381 71 409080
357 674 227414
98 140 161052
250 418 443154
601 317 49102
303 288 138016
663 861 273566
57 740 354216
325 514 995264
122 410 369943
133 806 758236
156 939 43800
793 489 529796
124 468 32920
780 929 359944
480 947 875324
697 824 119938
442 568 281059
302 404 394957
473 479 702840
709 22 500844
85 439 680960
985 115 538594
826 805 479504
61 681 184882
459 744 349476
661 42 504900
249 777 650344
367 892 453672
751 927 822857
166 646 131233
105 457 294611
526 41 238760
64 672 694560
281 453 812306
102 895 42356
984 713 234120
101 295 417331
141 204 540648
598 886 811952
47 380 473346
110 125 287550
521 763 17205
84 303 367146
881 171 801531
163 550 345130
184 866 261624
303 318 676029
669 251 105290
647 61 662500
621 120 514200
929 321 376040
131 497 404373
617 898 212467
961 137 349910
189 599 129528
705 935 207056
421 101 860050
240 651 410202
303 721 605570
929 422 549951
81 569 43650
988 696 670216
95 788 6456
571 950 802310
13 477 480606
789 201 427335
41 835 214143
761 457 943744
392 613 121520
545 273 1176
793 441 43620
600 313 957888
649 878 21118
193 185 657290
5 508 868384
36 541 397043
64 603 63135
913 87 943308
742 261 4624
681 489 175150
1 769 152078
150 648 850327
385 581 204397
241 863 533106
391 544 938233
113 160 848480
1 893 164266
276 949 521850
671 496 530830
501 591 711685
606 801 273963
277 949 420690
3 479 575485
641 868 348744
878 295 881808
817 181 456650
83 117 513650
205 861 863901
287 759 385155
285 49 903494
487 951 22648
985 781 305975
257 526 129484
433 963 515886
203 767 395000
561 297 895272
417 420 715884
196 918 587120
585 836 530688
657 837 909984
59 77 438578
772 968 628184
11 375 146399
585 593 46170
36 511 83969
134 830 125448
250 595 842072
9 153 512780
413 871 170630
621 309 97488
285 480 31311
296 41 651 415 164 281 236 987 209 106
