12 100
1 2 5592
1 3 865
3 4 4418
2 5 5084
1 6 4799
2 7 3966
4 8 5062
8 9 1337
5 10 3627
5 11 4575
9 12 3367
11 2 4137
9 9 3485
5 5 200
5 8 2744
1 6 8599
2 6 6909
10 5 3087
8 12 7374
8 12 1448
10 2 3735
5 5 1117
4 10 5201
11 3 9111
5 1 7541
1 8 4569
8 5 4946
2 3 6440
9 1 9218
7 9 788
9 1 365
7 6 1705
8 11 5826
1 4 1222
3 5 8114
10 1 7899
12 5 9272
11 7 2559
6 5 8622
4 11 7054
6 8 8998
4 10 3978
9 10 5587
4 5 4822
11 2 250
1 8 9164
5 8 3316
11 2 5907
5 5 7020
10 8 5952
9 7 6181
1 9 1190
6 5 503
10 4 1595
8 8 1455
6 8 7079
5 2 1602
5 3 5155
3 8 7369
1 10 5130
5 3 4348
11 5 6158
3 9 7537
8 12 9514
8 3 4583
1 7 2665
11 6 688
5 8 3299
12 9 9121
4 10 5046
5 1 8230
3 1 9071
4 4 9328
5 4 3181
4 1 3816
1 5 3801
3 4 455
1 3 9998
2 4 2061
8 8 7815
9 7 3127
10 12 476
10 11 7680
1 7 6987
2 6 3433
6 8 2046
7 7 9535
9 8 1687
5 4 7631
3 8 9232
2 7 18
9 4 6388
7 7 6944
3 8 2333
12 7 6858
3 7 3812
2 5 6211
2 1 246
10 8 5342
6 9 6863
